6.31058, -0.38671, 0.01841, 5.47960, -0.46091, -0.00473, 5.96267, -0.64739, 0.02168, 5.82284, -0.52818, 0.00235, 6.18060, -0.42593, 0.50526, 5.62286, -0.38129, 0.54709, 6.11468, -0.62552, 0.50768, 5.61672, -0.57964, 0.55974, 5.72539, -0.48383, 0.55180, 6.03418, -0.49824, 0.52036
6.31251, -0.38665, 0.01716, 5.47947, -0.46111, -0.00258, 5.96450, -0.64716, 0.02583, 5.85780, -0.52447, 0.00298, 6.19374, -0.41421, 0.50445, 5.63867, -0.37939, 0.54610, 6.13488, -0.61705, 0.50624, 5.63505, -0.57757, 0.56194, 5.74249, -0.48053, 0.55249, 6.05134, -0.49152, 0.51993
6.31364, -0.38721, 0.01650, 5.47937, -0.46142, -0.00031, 5.96997, -0.64880, 0.03051, 5.88273, -0.52124, 0.00297, 6.20612, -0.40242, 0.50403, 5.65419, -0.37760, 0.54438, 6.15527, -0.60849, 0.50501, 5.65315, -0.57554, 0.56325, 5.75932, -0.47722, 0.55275, 6.06828, -0.48492, 0.51983
6.31418, -0.38773, 0.01583, 5.47946, -0.46181, 0.00209, 5.97812, -0.65000, 0.03581, 5.90040, -0.52025, 0.00153, 6.21756, -0.39102, 0.50402, 5.66903, -0.37617, 0.54220, 6.17605, -0.60007, 0.50456, 5.67077, -0.57387, 0.56347, 5.77556, -0.47413, 0.55249, 6.08468, -0.47865, 0.52001
6.31429, -0.38783, 0.01563, 5.47996, -0.46214, 0.00456, 5.98928, -0.64814, 0.04171, 5.91286, -0.51937, -0.00196, 6.22806, -0.38052, 0.50452, 5.68311, -0.37541, 0.53977, 6.19717, -0.59194, 0.50558, 5.68755, -0.57294, 0.56218, 5.79096, -0.47173, 0.55157, 6.10036, -0.47306, 0.52054
6.31447, -0.38756, 0.01597, 5.48083, -0.46205, 0.00712, 6.00381, -0.64230, 0.04883, 5.91992, -0.51680, -0.00630, 6.23759, -0.37108, 0.50562, 5.69643, -0.37537, 0.53773, 6.21842, -0.58409, 0.50816, 5.70371, -0.57287, 0.55960, 5.80564, -0.47006, 0.55023, 6.11536, -0.46831, 0.52153
6.31466, -0.38717, 0.01672, 5.48250, -0.46159, 0.00961, 6.02237, -0.63409, 0.05848, 5.92214, -0.51369, -0.01083, 6.24661, -0.36244, 0.50732, 5.70889, -0.37620, 0.53663, 6.23898, -0.57600, 0.51135, 5.71945, -0.57369, 0.55719, 5.81965, -0.46910, 0.54889, 6.12968, -0.46411, 0.52297
6.31449, -0.38677, 0.01786, 5.48393, -0.46060, 0.01293, 6.04783, -0.62431, 0.07232, 5.92219, -0.51144, -0.01492, 6.25504, -0.35430, 0.50973, 5.72075, -0.37795, 0.53617, 6.25804, -0.56784, 0.51396, 5.73439, -0.57535, 0.55578, 5.83294, -0.46916, 0.54815, 6.14321, -0.46037, 0.52504
6.31410, -0.38634, 0.01919, 5.48542, -0.45968, 0.01701, 6.08121, -0.61527, 0.08509, 5.92384, -0.51022, -0.01679, 6.26295, -0.34656, 0.51237, 5.73249, -0.37943, 0.53648, 6.27565, -0.55978, 0.51603, 5.74821, -0.57677, 0.55519, 5.84564, -0.46950, 0.54814, 6.15604, -0.45683, 0.52740
6.31360, -0.38597, 0.02062, 5.48835, -0.45918, 0.02132, 6.11890, -0.60460, 0.09373, 5.92486, -0.50995, -0.01767, 6.26989, -0.33896, 0.51503, 5.74448, -0.37936, 0.53733, 6.29291, -0.55114, 0.51876, 5.76035, -0.57671, 0.55581, 5.85770, -0.46936, 0.54883, 6.16814, -0.45327, 0.52970
6.31315, -0.38558, 0.02192, 5.49382, -0.45902, 0.02553, 6.15756, -0.59167, 0.09905, 5.92491, -0.51027, -0.01797, 6.27611, -0.33180, 0.51732, 5.75681, -0.37773, 0.53883, 6.30949, -0.54231, 0.52178, 5.77105, -0.57515, 0.55785, 5.86929, -0.46868, 0.55000, 6.17967, -0.44973, 0.53168
6.31280, -0.38526, 0.02303, 5.50285, -0.45931, 0.02910, 6.19609, -0.57595, 0.10205, 5.92433, -0.51078, -0.01787, 6.28144, -0.32484, 0.51909, 5.76960, -0.37426, 0.54053, 6.32516, -0.53325, 0.52464, 5.78026, -0.57178, 0.56081, 5.88043, -0.46722, 0.55169, 6.19064, -0.44603, 0.53349
6.31261, -0.38503, 0.02398, 5.51721, -0.45942, 0.03082, 6.23637, -0.55929, 0.10319, 5.92362, -0.51122, -0.01758, 6.28623, -0.31811, 0.52040, 5.78294, -0.36947, 0.54122, 6.33941, -0.52417, 0.52744, 5.78802, -0.56696, 0.56383, 5.89110, -0.46537, 0.55361, 6.20102, -0.44223, 0.53509
6.31262, -0.38506, 0.02478, 5.53737, -0.45905, 0.03098, 6.27675, -0.54173, 0.10200, 5.92286, -0.51163, -0.01718, 6.29080, -0.31167, 0.52126, 5.79583, -0.36481, 0.54134, 6.35193, -0.51547, 0.52983, 5.79515, -0.56199, 0.56701, 5.90114, -0.46355, 0.55585, 6.21066, -0.43831, 0.53675
6.31271, -0.38516, 0.02550, 5.56256, -0.45766, 0.03089, 6.31479, -0.52152, 0.09916, 5.92191, -0.51203, -0.01674, 6.29502, -0.30538, 0.52181, 5.80780, -0.36043, 0.54120, 6.36301, -0.50719, 0.53144, 5.80204, -0.55710, 0.57000, 5.91052, -0.46151, 0.55797, 6.21960, -0.43415, 0.53834
6.31285, -0.38531, 0.02617, 5.59209, -0.45448, 0.03086, 6.34828, -0.49639, 0.09569, 5.92089, -0.51231, -0.01632, 6.29891, -0.29925, 0.52214, 5.81885, -0.35636, 0.54105, 6.37295, -0.49945, 0.53194, 5.80885, -0.55245, 0.57253, 5.91935, -0.45931, 0.55978, 6.22797, -0.42981, 0.53983
6.31299, -0.38553, 0.02681, 5.62484, -0.44960, 0.03097, 6.37964, -0.46672, 0.09105, 5.91988, -0.51243, -0.01592, 6.30244, -0.29333, 0.52230, 5.82896, -0.35323, 0.54103, 6.38210, -0.49220, 0.53150, 5.81584, -0.54875, 0.57474, 5.92780, -0.45744, 0.56150, 6.23591, -0.42537, 0.54121
6.31313, -0.38574, 0.02747, 5.66075, -0.44406, 0.03066, 6.40937, -0.43365, 0.08488, 5.91898, -0.51256, -0.01556, 6.30562, -0.28765, 0.52240, 5.83821, -0.35085, 0.54145, 6.39071, -0.48524, 0.53025, 5.82293, -0.54598, 0.57651, 5.93588, -0.45590, 0.56322, 6.24343, -0.42085, 0.54247
6.31326, -0.38595, 0.02816, 5.70174, -0.43764, 0.02968, 6.43806, -0.39883, 0.07619, 5.91825, -0.51274, -0.01525, 6.30846, -0.28213, 0.52247, 5.84643, -0.34933, 0.54199, 6.39891, -0.47825, 0.52846, 5.83019, -0.54424, 0.57784, 5.94356, -0.45464, 0.56488, 6.25054, -0.41626, 0.54363
6.31336, -0.38622, 0.02894, 5.74562, -0.42987, 0.02842, 6.46708, -0.36136, 0.06496, 5.91760, -0.51292, -0.01501, 6.31097, -0.27666, 0.52255, 5.85344, -0.34866, 0.54234, 6.40678, -0.47087, 0.52650, 5.83756, -0.54352, 0.57864, 5.95073, -0.45355, 0.56650, 6.25711, -0.41158, 0.54468
6.31339, -0.38642, 0.02984, 5.78897, -0.42106, 0.02688, 6.49135, -0.32146, 0.05943, 5.91689, -0.51308, -0.01474, 6.31292, -0.27134, 0.52277, 5.85932, -0.34873, 0.54297, 6.41425, -0.46332, 0.52351, 5.84510, -0.54373, 0.57920, 5.95745, -0.45262, 0.56800, 6.26327, -0.40689, 0.54556
6.31340, -0.38656, 0.03081, 5.82710, -0.41088, 0.02305, 6.50470, -0.28570, 0.05952, 5.91610, -0.51315, -0.01438, 6.31426, -0.26610, 0.52305, 5.86408, -0.34971, 0.54413, 6.42125, -0.45540, 0.51933, 5.85292, -0.54505, 0.57959, 5.96379, -0.45202, 0.56943, 6.26898, -0.40222, 0.54631
6.31341, -0.38667, 0.03174, 5.86136, -0.40294, 0.01527, 6.51089, -0.25509, 0.05955, 5.91526, -0.51324, -0.01408, 6.31524, -0.26064, 0.52312, 5.86794, -0.35152, 0.54598, 6.42792, -0.44665, 0.51461, 5.86115, -0.54734, 0.57985, 5.96988, -0.45170, 0.57091, 6.27432, -0.39734, 0.54689
6.31339, -0.38673, 0.03266, 5.89386, -0.40114, 0.00591, 6.51213, -0.22941, 0.05848, 5.91442, -0.51336, -0.01376, 6.31592, -0.25472, 0.52288, 5.87156, -0.35377, 0.54833, 6.43441, -0.43673, 0.51015, 5.86966, -0.55006, 0.58001, 5.97594, -0.45159, 0.57248, 6.27938, -0.39207, 0.54716
6.31335, -0.38662, 0.03354, 5.91345, -0.40283, -0.00011, 6.50924, -0.21005, 0.05527, 5.91359, -0.51353, -0.01334, 6.31653, -0.24849, 0.52236, 5.87544, -0.35636, 0.55070, 6.44101, -0.42589, 0.50669, 5.87848, -0.55297, 0.58027, 5.98222, -0.45174, 0.57415, 6.28437, -0.38636, 0.54731
6.31325, -0.38625, 0.03437, 5.91494, -0.40753, -0.00468, 6.50367, -0.19638, 0.04930, 5.91280, -0.51378, -0.01285, 6.31728, -0.24195, 0.52159, 5.87967, -0.35925, 0.55329, 6.44769, -0.41434, 0.50385, 5.88771, -0.55604, 0.58060, 5.98883, -0.45211, 0.57586, 6.28936, -0.38017, 0.54737
6.31313, -0.38555, 0.03514, 5.90561, -0.41261, -0.00732, 6.49473, -0.18759, 0.04135, 5.91208, -0.51414, -0.01227, 6.31820, -0.23503, 0.52059, 5.88433, -0.36221, 0.55631, 6.45427, -0.40221, 0.50107, 5.89739, -0.55908, 0.58098, 5.99584, -0.45258, 0.57749, 6.29441, -0.37348, 0.54730
6.31308, -0.38472, 0.03585, 5.89431, -0.41716, -0.00785, 6.48608, -0.18378, 0.03263, 5.91141, -0.51459, -0.01161, 6.31944, -0.22771, 0.51931, 5.88962, -0.36509, 0.55977, 6.46075, -0.38983, 0.49901, 5.90752, -0.56194, 0.58142, 6.00338, -0.45306, 0.57897, 6.29963, -0.36632, 0.54707
6.31312, -0.38393, 0.03652, 5.88672, -0.42126, -0.00779, 6.47933, -0.18079, 0.02576, 5.91078, -0.51510, -0.01084, 6.32092, -0.21979, 0.51762, 5.89550, -0.36778, 0.56366, 6.46687, -0.37736, 0.49758, 5.91798, -0.56450, 0.58196, 6.01138, -0.45349, 0.58023, 6.30491, -0.35861, 0.54661
6.31326, -0.38315, 0.03732, 5.88463, -0.42340, -0.00735, 6.47496, -0.17854, 0.02125, 5.91019, -0.51571, -0.00992, 6.32250, -0.21124, 0.51575, 5.90161, -0.37009, 0.56773, 6.47217, -0.36529, 0.49746, 5.92839, -0.56655, 0.58275, 6.01945, -0.45361, 0.58140, 6.30992, -0.35038, 0.54620
6.31359, -0.38233, 0.03841, 5.88364, -0.42495, -0.00709, 6.47429, -0.17685, 0.01799, 5.90967, -0.51641, -0.00883, 6.32399, -0.20186, 0.51385, 5.90760, -0.37232, 0.57187, 6.47641, -0.35346, 0.49827, 5.93884, -0.56833, 0.58388, 6.02741, -0.45342, 0.58266, 6.31439, -0.34156, 0.54581
6.31414, -0.38131, 0.03987, 5.88438, -0.42659, -0.00694, 6.47651, -0.17623, 0.01523, 5.90923, -0.51726, -0.00771, 6.32513, -0.19211, 0.51228, 5.91338, -0.37457, 0.57579, 6.47985, -0.34183, 0.49945, 5.94942, -0.56991, 0.58488, 6.03522, -0.45292, 0.58388, 6.31842, -0.33238, 0.54557
6.31495, -0.37994, 0.04156, 5.88586, -0.42834, -0.00657, 6.47919, -0.17621, 0.01350, 5.90889, -0.51825, -0.00661, 6.32605, -0.18250, 0.51110, 5.91893, -0.37690, 0.57907, 6.48267, -0.33095, 0.50102, 5.96003, -0.57135, 0.58553, 6.04281, -0.45220, 0.58496, 6.32205, -0.32309, 0.54560
6.31613, -0.37819, 0.04334, 5.88673, -0.42985, -0.00564, 6.48038, -0.17618, 0.01278, 5.90866, -0.51935, -0.00554, 6.32655, -0.17302, 0.51016, 5.92399, -0.37926, 0.58184, 6.48481, -0.32057, 0.50284, 5.97047, -0.57255, 0.58596, 6.04994, -0.45117, 0.58587, 6.32512, -0.31375, 0.54568
6.31767, -0.37593, 0.04523, 5.88720, -0.43064, -0.00448, 6.48092, -0.17576, 0.01247, 5.90853, -0.52057, -0.00456, 6.32696, -0.16357, 0.50943, 5.92858, -0.38159, 0.58401, 6.48653, -0.31030, 0.50461, 5.98062, -0.57349, 0.58604, 6.05656, -0.44987, 0.58659, 6.32769, -0.30461, 0.54572
6.31981, -0.37313, 0.04716, 5.88757, -0.43097, -0.00361, 6.48117, -0.17525, 0.01230, 5.90846, -0.52179, -0.00366, 6.32717, -0.15434, 0.50895, 5.93258, -0.38382, 0.58545, 6.48807, -0.29994, 0.50655, 5.99026, -0.57412, 0.58580, 6.06253, -0.44832, 0.58703, 6.32975, -0.29584, 0.54588
6.32307, -0.36906, 0.04892, 5.88750, -0.43122, -0.00316, 6.48137, -0.17481, 0.01186, 5.90845, -0.52302, -0.00292, 6.32723, -0.14515, 0.50878, 5.93606, -0.38591, 0.58609, 6.48930, -0.28962, 0.50831, 5.99938, -0.57440, 0.58523, 6.06787, -0.44652, 0.58704, 6.33133, -0.28731, 0.54610
6.32750, -0.36234, 0.05043, 5.88733, -0.43163, -0.00286, 6.48170, -0.17442, 0.01132, 5.90847, -0.52423, -0.00231, 6.32732, -0.13591, 0.50923, 5.93925, -0.38786, 0.58604, 6.49039, -0.27935, 0.50980, 6.00819, -0.57436, 0.58442, 6.07282, -0.44449, 0.58663, 6.33263, -0.27898, 0.54623
6.33302, -0.35365, 0.05202, 5.88730, -0.43225, -0.00269, 6.48209, -0.17409, 0.01084, 5.90848, -0.52552, -0.00181, 6.32722, -0.12684, 0.51003, 5.94228, -0.38960, 0.58560, 6.49135, -0.26908, 0.51103, 6.01674, -0.57396, 0.58353, 6.07748, -0.44222, 0.58590, 6.33372, -0.27083, 0.54624
6.33955, -0.34294, 0.05435, 5.88735, -0.43307, -0.00250, 6.48251, -0.17384, 0.01043, 5.90851, -0.52695, -0.00138, 6.32690, -0.11797, 0.51119, 5.94525, -0.39108, 0.58502, 6.49218, -0.25886, 0.51199, 6.02507, -0.57318, 0.58268, 6.08193, -0.43973, 0.58488, 6.33466, -0.26282, 0.54604
6.34684, -0.32853, 0.05748, 5.88748, -0.43415, -0.00227, 6.48293, -0.17366, 0.01014, 5.90853, -0.52841, -0.00099, 6.32638, -0.10930, 0.51278, 5.94825, -0.39227, 0.58435, 6.49280, -0.24885, 0.51269, 6.03316, -0.57206, 0.58184, 6.08624, -0.43705, 0.58368, 6.33549, -0.25496, 0.54560
6.35414, -0.30777, 0.06105, 5.88777, -0.43543, -0.00203, 6.48334, -0.17350, 0.00994, 5.90857, -0.52982, -0.00061, 6.32600, -0.10076, 0.51432, 5.95127, -0.39314, 0.58364, 6.49327, -0.23917, 0.51320, 6.04093, -0.57061, 0.58097, 6.09041, -0.43424, 0.58235, 6.33621, -0.24725, 0.54498
6.36139, -0.28364, 0.06663, 5.88833, -0.43681, -0.00178, 6.48375, -0.17334, 0.00982, 5.90860, -0.53150, -0.00031, 6.32523, -0.09267, 0.51539, 5.95438, -0.39365, 0.58296, 6.49354, -0.22976, 0.51352, 6.04840, -0.56884, 0.58001, 6.09449, -0.43127, 0.58099, 6.33684, -0.23960, 0.54432
6.36788, -0.25609, 0.07230, 5.88917, -0.43835, -0.00156, 6.48417, -0.17313, 0.00976, 5.90866, -0.53325, -0.00007, 6.32446, -0.08481, 0.51677, 5.95759, -0.39379, 0.58245, 6.49361, -0.22089, 0.51372, 6.05563, -0.56675, 0.57891, 6.09852, -0.42815, 0.57968, 6.33749, -0.23207, 0.54374
6.37300, -0.22634, 0.07703, 5.89002, -0.43966, -0.00132, 6.48455, -0.17290, 0.00974, 5.90875, -0.53502, 0.00013, 6.32380, -0.07698, 0.51863, 5.96082, -0.39347, 0.58208, 6.49353, -0.21222, 0.51381, 6.06246, -0.56432, 0.57773, 6.10242, -0.42485, 0.57848, 6.33807, -0.22460, 0.54322
6.37672, -0.19430, 0.08010, 5.89077, -0.44045, -0.00107, 6.48487, -0.17263, 0.00976, 5.90883, -0.53665, 0.00060, 6.32374, -0.06868, 0.52073, 5.96403, -0.39259, 0.58186, 6.49348, -0.20341, 0.51383, 6.06891, -0.56145, 0.57664, 6.10619, -0.42125, 0.57751, 6.33858, -0.21709, 0.54281
6.37977, -0.16011, 0.08122, 5.89139, -0.44069, -0.00078, 6.48513, -0.17238, 0.00984, 5.90892, -0.53768, 0.00121, 6.32412, -0.06005, 0.52294, 5.96728, -0.39119, 0.58176, 6.49340, -0.19454, 0.51371, 6.07508, -0.55817, 0.57570, 6.10990, -0.41733, 0.57673, 6.33911, -0.20951, 0.54249
6.38128, -0.12539, 0.08101, 5.89193, -0.44127, -0.00045, 6.48537, -0.17212, 0.00991, 5.90820, -0.53747, 0.00207, 6.32421, -0.05154, 0.52514, 5.97058, -0.38930, 0.58181, 6.49327, -0.18536, 0.51350, 6.08098, -0.55454, 0.57489, 6.11357, -0.41317, 0.57617, 6.33964, -0.20186, 0.54231
6.38173, -0.08998, 0.07954, 5.89233, -0.44203, -0.00011, 6.48578, -0.17184, 0.01002, 5.90925, -0.53710, 0.00240, 6.32392, -0.04307, 0.52707, 5.97386, -0.38701, 0.58195, 6.49301, -0.17583, 0.51328, 6.08660, -0.55062, 0.57416, 6.11716, -0.40880, 0.57573, 6.34009, -0.19412, 0.54229
6.38051, -0.05411, 0.07728, 5.89255, -0.44294, 0.00017, 6.48618, -0.17157, 0.01016, 5.91121, -0.53723, 0.00258, 6.32317, -0.03445, 0.52850, 5.97703, -0.38442, 0.58201, 6.49253, -0.16589, 0.51294, 6.09199, -0.54644, 0.57346, 6.12059, -0.40421, 0.57525, 6.34032, -0.18620, 0.54234
6.37689, -0.01815, 0.07422, 5.89250, -0.44400, 0.00037, 6.48651, -0.17132, 0.01033, 5.91090, -0.53810, 0.00422, 6.32255, -0.02518, 0.52953, 5.98000, -0.38154, 0.58194, 6.49183, -0.15557, 0.51250, 6.09718, -0.54193, 0.57275, 6.12381, -0.39932, 0.57463, 6.34034, -0.17801, 0.54250
6.37379, 0.02206, 0.05767, 5.89210, -0.44509, 0.00048, 6.48677, -0.17109, 0.01053, 5.91142, -0.53865, 0.00646, 6.32200, -0.01646, 0.53124, 5.98272, -0.37847, 0.58161, 6.49133, -0.14528, 0.51208, 6.10198, -0.53728, 0.57184, 6.12673, -0.39434, 0.57391, 6.34047, -0.17020, 0.54269
6.36314, 0.05576, 0.05900, 5.89150, -0.44615, 0.00043, 6.48698, -0.17087, 0.01075, 5.91476, -0.53826, 0.00899, 6.31749, -0.00958, 0.52993, 5.98507, -0.37528, 0.58088, 6.49029, -0.13456, 0.51153, 6.10631, -0.53255, 0.57046, 6.12926, -0.38931, 0.57294, 6.34055, -0.16273, 0.54267
6.35108, 0.08468, 0.05776, 5.89092, -0.44725, 0.00030, 6.48715, -0.17065, 0.01101, 5.92310, -0.53641, 0.01178, 6.31192, -0.00342, 0.52805, 5.98709, -0.37203, 0.57963, 6.48894, -0.12355, 0.51090, 6.11029, -0.52771, 0.56844, 6.13144, -0.38422, 0.57164, 6.34053, -0.15547, 0.54240
6.33851, 0.10838, 0.05427, 5.89041, -0.44842, 0.00015, 6.48724, -0.17045, 0.01134, 5.93843, -0.53262, 0.01623, 6.30650, 0.00327, 0.52585, 5.98875, -0.36867, 0.57760, 6.48710, -0.11217, 0.51008, 6.11405, -0.52260, 0.56567, 6.13326, -0.37885, 0.56984, 6.34009, -0.14791, 0.54187
6.32600, 0.12813, 0.04914, 5.88999, -0.44959, 0.00000, 6.48729, -0.17023, 0.01173, 5.96292, -0.52355, 0.02082, 6.30226, 0.01174, 0.52336, 5.99003, -0.36501, 0.57494, 6.48477, -0.10048, 0.50895, 6.11765, -0.51696, 0.56215, 6.13470, -0.37298, 0.56751, 6.33900, -0.13963, 0.54104
6.31382, 0.14404, 0.04307, 5.88960, -0.45067, -0.00015, 6.48737, -0.17012, 0.01218, 6.00135, -0.50777, 0.02304, 6.29931, 0.02192, 0.52088, 5.99102, -0.36090, 0.57180, 6.48209, -0.08855, 0.50752, 6.12100, -0.51079, 0.55845, 6.13583, -0.36661, 0.56485, 6.33746, -0.13080, 0.53986
6.30151, 0.15581, 0.03668, 5.88932, -0.45150, -0.00049, 6.48758, -0.17019, 0.01267, 6.04872, -0.48550, 0.02529, 6.29727, 0.03333, 0.51877, 5.99172, -0.35604, 0.56782, 6.47906, -0.07642, 0.50581, 6.12386, -0.50409, 0.55529, 6.13664, -0.35974, 0.56211, 6.33551, -0.12145, 0.53835
6.29158, 0.16459, 0.03173, 5.88886, -0.45205, -0.00093, 6.48821, -0.16977, 0.01321, 6.09765, -0.45718, 0.02469, 6.29528, 0.04513, 0.51741, 5.99219, -0.35017, 0.56306, 6.47567, -0.06408, 0.50376, 6.12607, -0.49684, 0.55296, 6.13721, -0.35233, 0.55932, 6.33319, -0.11156, 0.53652
6.28605, 0.17048, 0.02818, 5.88763, -0.45233, -0.00120, 6.48862, -0.16997, 0.01392, 6.14250, -0.42336, 0.01896, 6.29262, 0.05689, 0.51671, 5.99272, -0.34349, 0.55788, 6.47211, -0.05122, 0.50147, 6.12816, -0.48893, 0.55141, 6.13779, -0.34427, 0.55674, 6.33074, -0.10098, 0.53463
6.28243, 0.17361, 0.02545, 5.88646, -0.45247, -0.00121, 6.48877, -0.17044, 0.01485, 6.18530, -0.38601, 0.01427, 6.28941, 0.06885, 0.51649, 5.99348, -0.33584, 0.55280, 6.46865, -0.03748, 0.49896, 6.13028, -0.48012, 0.55041, 6.13855, -0.33534, 0.55461, 6.32835, -0.08955, 0.53284
6.28041, 0.17503, 0.02350, 5.88571, -0.45279, -0.00089, 6.48866, -0.17088, 0.01604, 6.22924, -0.34612, 0.01055, 6.28548, 0.08121, 0.51653, 5.99442, -0.32729, 0.54807, 6.46518, -0.02279, 0.49613, 6.13248, -0.47038, 0.54984, 6.13941, -0.32550, 0.55297, 6.32582, -0.07713, 0.53122
6.27963, 0.17574, 0.02231, 5.88519, -0.45289, -0.00015, 6.48818, -0.17108, 0.01769, 6.26946, -0.30866, 0.00743, 6.28106, 0.09411, 0.51676, 5.99580, -0.31813, 0.54388, 6.46162, -0.00729, 0.49342, 6.13518, -0.45984, 0.54925, 6.14063, -0.31488, 0.55173, 6.32329, -0.06374, 0.52983
6.27978, 0.17652, 0.02175, 5.88501, -0.45287, 0.00098, 6.48784, -0.17076, 0.01986, 6.30128, -0.27327, 0.00565, 6.27639, 0.10756, 0.51710, 5.99778, -0.30889, 0.54007, 6.45798, 0.00893, 0.49080, 6.13895, -0.44866, 0.54869, 6.14239, -0.30363, 0.55051, 6.32091, -0.04951, 0.52855
6.27998, 0.17699, 0.02157, 5.88504, -0.45274, 0.00247, 6.48753, -0.16954, 0.02255, 6.32452, -0.24571, 0.00452, 6.27174, 0.12132, 0.51750, 6.00052, -0.30010, 0.53674, 6.45455, 0.02573, 0.48849, 6.14416, -0.43714, 0.54798, 6.14484, -0.29206, 0.54924, 6.31878, -0.03475, 0.52735
6.27987, 0.17718, 0.02162, 5.88517, -0.45255, 0.00421, 6.48741, -0.16728, 0.02581, 6.33444, -0.22802, 0.00058, 6.26710, 0.13523, 0.51788, 6.00426, -0.29189, 0.53374, 6.45142, 0.04317, 0.48646, 6.15096, -0.42542, 0.54742, 6.14818, -0.28036, 0.54794, 6.31698, -0.01957, 0.52621
6.27918, 0.17724, 0.02175, 5.88588, -0.45262, 0.00621, 6.48801, -0.16440, 0.02981, 6.33722, -0.21465, -0.00321, 6.26240, 0.14908, 0.51826, 6.00946, -0.28436, 0.53111, 6.44878, 0.06112, 0.48466, 6.15986, -0.41349, 0.54664, 6.15284, -0.26858, 0.54663, 6.31567, -0.00394, 0.52508
6.27847, 0.17720, 0.02192, 5.88742, -0.45261, 0.00818, 6.48966, -0.16023, 0.03428, 6.34107, -0.20523, -0.00657, 6.25758, 0.16276, 0.51854, 6.01663, -0.27778, 0.52896, 6.44664, 0.07954, 0.48299, 6.17159, -0.40125, 0.54568, 6.15923, -0.25670, 0.54541, 6.31501, 0.01223, 0.52391
6.27773, 0.17718, 0.02221, 5.88969, -0.45199, 0.01015, 6.49173, -0.15315, 0.03925, 6.34404, -0.19813, -0.01026, 6.25310, 0.17654, 0.51860, 6.02543, -0.27205, 0.52809, 6.44487, 0.09882, 0.48201, 6.18567, -0.38865, 0.54449, 6.16700, -0.24478, 0.54439, 6.31485, 0.02865, 0.52269
6.27697, 0.17735, 0.02256, 5.89138, -0.45150, 0.01331, 6.49286, -0.14169, 0.04550, 6.34575, -0.19647, -0.01410, 6.24934, 0.19091, 0.51834, 6.03568, -0.26666, 0.52801, 6.44333, 0.11949, 0.48235, 6.20124, -0.37567, 0.54365, 6.17589, -0.23282, 0.54369, 6.31508, 0.04513, 0.52144
6.27624, 0.17777, 0.02294, 5.89291, -0.44867, 0.01644, 6.49214, -0.12344, 0.05339, 6.34682, -0.19684, -0.01675, 6.24620, 0.20548, 0.51774, 6.04689, -0.26107, 0.52901, 6.44196, 0.14129, 0.48339, 6.21745, -0.36217, 0.54407, 6.18546, -0.22066, 0.54365, 6.31576, 0.06150, 0.52016
6.27549, 0.17812, 0.02329, 5.89516, -0.44470, 0.01972, 6.49078, -0.09402, 0.06535, 6.34767, -0.19628, -0.01814, 6.24340, 0.21967, 0.51687, 6.05829, -0.25474, 0.53098, 6.44062, 0.16356, 0.48415, 6.23325, -0.34816, 0.54518, 6.19509, -0.20819, 0.54399, 6.31682, 0.07763, 0.51883
6.27475, 0.17839, 0.02372, 5.89900, -0.43886, 0.02299, 6.48533, -0.04966, 0.08054, 6.34791, -0.19613, -0.01930, 6.24062, 0.23305, 0.51583, 6.06885, -0.24601, 0.53351, 6.43944, 0.18463, 0.48358, 6.24675, -0.33384, 0.54670, 6.20424, -0.19514, 0.54484, 6.31821, 0.09364, 0.51744
6.27389, 0.17867, 0.02424, 5.90792, -0.43115, 0.02588, 6.47891, 0.00339, 0.09114, 6.34790, -0.19673, -0.02001, 6.23796, 0.24573, 0.51469, 6.07806, -0.23505, 0.53695, 6.43833, 0.20475, 0.48289, 6.25770, -0.31946, 0.54908, 6.21262, -0.18158, 0.54615, 6.31976, 0.10946, 0.51591
6.27291, 0.17887, 0.02482, 5.92195, -0.42102, 0.02831, 6.47240, 0.06343, 0.09813, 6.34767, -0.19785, -0.02024, 6.23552, 0.25782, 0.51338, 6.08573, -0.22255, 0.54105, 6.43706, 0.22503, 0.48281, 6.26633, -0.30496, 0.55254, 6.21982, -0.16760, 0.54803, 6.32139, 0.12496, 0.51440
6.27194, 0.17906, 0.02542, 5.94035, -0.40717, 0.03066, 6.46419, 0.12409, 0.10098, 6.34734, -0.19930, -0.02011, 6.23351, 0.26934, 0.51194, 6.09192, -0.20873, 0.54429, 6.43580, 0.24489, 0.48253, 6.27270, -0.29072, 0.55595, 6.22596, -0.15350, 0.54994, 6.32303, 0.14005, 0.51292
6.27107, 0.17912, 0.02617, 5.96283, -0.38992, 0.03323, 6.45451, 0.18323, 0.10047, 6.34691, -0.20080, -0.01969, 6.23173, 0.28099, 0.51046, 6.09682, -0.19395, 0.54637, 6.43456, 0.26337, 0.48189, 6.27712, -0.27681, 0.55928, 6.23116, -0.13941, 0.55161, 6.32455, 0.15483, 0.51192
6.27028, 0.17906, 0.02710, 5.98916, -0.37027, 0.03604, 6.44493, 0.24358, 0.09689, 6.34639, -0.20230, -0.01905, 6.22973, 0.29267, 0.50903, 6.10067, -0.17862, 0.54791, 6.43335, 0.28050, 0.48109, 6.28017, -0.26291, 0.56263, 6.23547, -0.12521, 0.55319, 6.32579, 0.16955, 0.51155
6.26957, 0.17891, 0.02818, 6.01781, -0.34446, 0.03707, 6.43631, 0.30501, 0.09036, 6.34575, -0.20352, -0.01822, 6.22767, 0.30436, 0.50758, 6.10356, -0.16316, 0.54915, 6.43223, 0.29676, 0.48025, 6.28220, -0.24883, 0.56601, 6.23877, -0.11086, 0.55486, 6.32671, 0.18424, 0.51156
6.26889, 0.17882, 0.02937, 6.04759, -0.30708, 0.03479, 6.42697, 0.36765, 0.08155, 6.34495, -0.20467, -0.01712, 6.22581, 0.31608, 0.50607, 6.10595, -0.14761, 0.55026, 6.43149, 0.31247, 0.47945, 6.28383, -0.23440, 0.56939, 6.24148, -0.09622, 0.55667, 6.32758, 0.19911, 0.51194
6.26827, 0.17884, 0.03064, 6.07675, -0.26315, 0.03060, 6.41704, 0.43128, 0.06980, 6.34408, -0.20572, -0.01586, 6.22422, 0.32796, 0.50441, 6.10841, -0.13213, 0.55140, 6.43110, 0.32830, 0.47860, 6.28584, -0.21934, 0.57268, 6.24402, -0.08111, 0.55873, 6.32852, 0.21442, 0.51263
6.26768, 0.17906, 0.03198, 6.10459, -0.21452, 0.02517, 6.41328, 0.50319, 0.05563, 6.34314, -0.20679, -0.01463, 6.22280, 0.34012, 0.50257, 6.11096, -0.11673, 0.55249, 6.43115, 0.34337, 0.47710, 6.28828, -0.20365, 0.57573, 6.24645, -0.06553, 0.56077, 6.32940, 0.23020, 0.51326
6.26713, 0.17936, 0.03345, 6.13313, -0.16482, 0.01927, 6.41068, 0.56042, 0.05391, 6.34223, -0.20805, -0.01331, 6.22169, 0.35276, 0.50052, 6.11355, -0.10124, 0.55358, 6.43176, 0.35820, 0.47381, 6.29105, -0.18733, 0.57849, 6.24878, -0.04946, 0.56258, 6.33024, 0.24645, 0.51367
6.26659, 0.17971, 0.03510, 6.16092, -0.11210, 0.01342, 6.40526, 0.60136, 0.04758, 6.34166, -0.20925, -0.01184, 6.22080, 0.36587, 0.49831, 6.11620, -0.08570, 0.55462, 6.43224, 0.37411, 0.47035, 6.29416, -0.17039, 0.58098, 6.25099, -0.03290, 0.56423, 6.33096, 0.26320, 0.51393
6.26604, 0.18037, 0.03697, 6.18593, -0.05993, 0.00760, 6.39784, 0.62935, 0.03504, 6.34133, -0.21021, -0.01005, 6.22017, 0.37991, 0.49586, 6.11913, -0.06978, 0.55532, 6.43246, 0.39173, 0.46637, 6.29763, -0.15284, 0.58317, 6.25339, -0.01578, 0.56567, 6.33166, 0.28052, 0.51390
6.26547, 0.18157, 0.03922, 6.20636, -0.01051, 0.00108, 6.39055, 0.64531, 0.02220, 6.34109, -0.21083, -0.00814, 6.21970, 0.39542, 0.49311, 6.12234, -0.05344, 0.55606, 6.43185, 0.41255, 0.46348, 6.30160, -0.13466, 0.58450, 6.25603, 0.00192, 0.56667, 6.33224, 0.29851, 0.51349
6.26483, 0.18361, 0.04160, 6.22104, 0.02933, -0.00471, 6.38313, 0.65587, 0.01398, 6.34093, -0.21111, -0.00607, 6.21920, 0.41167, 0.49023, 6.12587, -0.03682, 0.55724, 6.43090, 0.43392, 0.46302, 6.30617, -0.11601, 0.58482, 6.25898, 0.02004, 0.56716, 6.33262, 0.31707, 0.51280
6.26416, 0.18663, 0.04407, 6.23166, 0.05442, -0.00800, 6.38290, 0.66484, 0.00987, 6.34108, -0.21109, -0.00367, 6.21863, 0.42844, 0.48710, 6.12985, -0.01982, 0.55833, 6.43021, 0.45436, 0.46363, 6.31133, -0.09684, 0.58427, 6.26234, 0.03865, 0.56715, 6.33277, 0.33630, 0.51187
6.26353, 0.19000, 0.04693, 6.23828, 0.06535, -0.01065, 6.38513, 0.67171, 0.00864, 6.34156, -0.21072, -0.00082, 6.21799, 0.44627, 0.48345, 6.13434, -0.00221, 0.55921, 6.42939, 0.47527, 0.46491, 6.31698, -0.07709, 0.58314, 6.26621, 0.05782, 0.56670, 6.33274, 0.35626, 0.51068
6.26302, 0.19425, 0.05055, 6.24121, 0.06791, -0.01299, 6.38713, 0.67509, 0.00880, 6.34212, -0.20985, 0.00266, 6.21745, 0.46564, 0.47981, 6.13917, 0.01611, 0.55989, 6.42820, 0.49720, 0.46658, 6.32283, -0.05691, 0.58164, 6.27050, 0.07748, 0.56587, 6.33264, 0.37678, 0.50923
6.26292, 0.20178, 0.05431, 6.23980, 0.06339, -0.01540, 6.38842, 0.67636, 0.00858, 6.34232, -0.20845, 0.00698, 6.21708, 0.48683, 0.47640, 6.14362, 0.03539, 0.56013, 6.42732, 0.51854, 0.46791, 6.32796, -0.03647, 0.57994, 6.27461, 0.09759, 0.56474, 6.33250, 0.39764, 0.50766
6.26310, 0.21367, 0.05814, 6.23908, 0.05923, -0.01612, 6.38993, 0.67643, 0.00800, 6.34279, -0.20652, 0.01245, 6.21688, 0.50986, 0.47375, 6.14758, 0.05521, 0.56010, 6.42666, 0.53923, 0.46903, 6.33230, -0.01614, 0.57810, 6.27844, 0.11777, 0.56335, 6.33211, 0.41856, 0.50606
6.26326, 0.23111, 0.06158, 6.23864, 0.05661, -0.01664, 6.39147, 0.67621, 0.00733, 6.34489, -0.20003, 0.01833, 6.21672, 0.53284, 0.47314, 6.15129, 0.07448, 0.55987, 6.42596, 0.55932, 0.46994, 6.33647, 0.00386, 0.57605, 6.28194, 0.13754, 0.56171, 6.33150, 0.43907, 0.50457
6.26455, 0.25646, 0.06685, 6.23833, 0.05625, -0.01673, 6.39255, 0.67660, 0.00690, 6.34641, -0.18746, 0.02357, 6.21685, 0.55704, 0.47470, 6.15479, 0.09234, 0.55961, 6.42501, 0.57873, 0.47065, 6.34079, 0.02356, 0.57405, 6.28484, 0.15664, 0.55966, 6.33059, 0.45890, 0.50317
6.26762, 0.29931, 0.07813, 6.23907, 0.05608, -0.01662, 6.39316, 0.67673, 0.00667, 6.34811, -0.17061, 0.02846, 6.21610, 0.57825, 0.47512, 6.15809, 0.10816, 0.55889, 6.42374, 0.59722, 0.47117, 6.34537, 0.04263, 0.57190, 6.28703, 0.17464, 0.55717, 6.32926, 0.47769, 0.50196
6.26939, 0.34934, 0.08449, 6.23987, 0.05569, -0.01632, 6.39345, 0.67669, 0.00658, 6.34970, -0.14851, 0.03275, 6.21475, 0.59661, 0.47695, 6.16141, 0.12202, 0.55736, 6.42209, 0.61436, 0.47152, 6.35021, 0.06071, 0.56909, 6.28883, 0.19134, 0.55431, 6.32760, 0.49524, 0.50094
6.27006, 0.40567, 0.08713, 6.24068, 0.05510, -0.01573, 6.39360, 0.67663, 0.00656, 6.34973, -0.11834, 0.03582, 6.21334, 0.61388, 0.48036, 6.16485, 0.13402, 0.55532, 6.42006, 0.63021, 0.47172, 6.35534, 0.07799, 0.56600, 6.29027, 0.20682, 0.55120, 6.32562, 0.51165, 0.50026
6.27059, 0.46701, 0.08753, 6.24138, 0.05452, -0.01486, 6.39363, 0.67651, 0.00654, 6.34874, -0.07958, 0.03727, 6.21202, 0.63035, 0.48453, 6.16840, 0.14457, 0.55306, 6.41795, 0.64477, 0.47207, 6.36064, 0.09466, 0.56280, 6.29142, 0.22132, 0.54816, 6.32339, 0.52709, 0.50002
6.27068, 0.53043, 0.08680, 6.24183, 0.05392, -0.01402, 6.39371, 0.67634, 0.00649, 6.34945, -0.03466, 0.03795, 6.21069, 0.64608, 0.48865, 6.17186, 0.15477, 0.55072, 6.41591, 0.65889, 0.47244, 6.36561, 0.11093, 0.55957, 6.29237, 0.23537, 0.54545, 6.32115, 0.54200, 0.50019
6.26984, 0.59292, 0.08541, 6.24214, 0.05282, -0.01328, 6.39381, 0.67616, 0.00652, 6.34980, 0.01536, 0.03591, 6.20955, 0.66143, 0.49274, 6.17501, 0.16490, 0.54845, 6.41396, 0.67262, 0.47296, 6.36997, 0.12664, 0.55652, 6.29313, 0.24898, 0.54317, 6.31896, 0.55637, 0.50082
6.26722, 0.65435, 0.08421, 6.24248, 0.05149, -0.01238, 6.39399, 0.67588, 0.00668, 6.34729, 0.06953, 0.03085, 6.20863, 0.67641, 0.49656, 6.17806, 0.17507, 0.54637, 6.41220, 0.68618, 0.47365, 6.37396, 0.14181, 0.55376, 6.29395, 0.26220, 0.54134, 6.31694, 0.57031, 0.50190
