-0.89034, -0.35578, 0.05694, -1.42115, -0.39072, -0.01325, -1.14356, -0.48741, 0.00474, -1.84284, -0.41679, 0.02757, -1.04804, -0.29748, 0.51263, -1.55424, -0.29837, 0.55536, -1.03925, -0.50892, 0.49086, -1.58672, -0.49442, 0.56230, -1.46631, -0.41377, 0.55560, -1.15627, -0.41358, 0.52658
-0.83846, -0.35130, 0.05927, -1.42376, -0.39298, -0.01547, -1.14514, -0.48747, 0.00596, -1.82597, -0.42091, 0.03319, -1.02690, -0.29503, 0.50964, -1.53486, -0.30113, 0.55614, -1.02043, -0.50757, 0.48999, -1.56406, -0.49774, 0.56178, -1.44503, -0.41506, 0.55518, -1.13487, -0.41167, 0.52738
-0.79558, -0.34654, 0.05559, -1.42700, -0.39394, -0.01724, -1.14703, -0.48746, 0.00776, -1.79843, -0.42572, 0.03639, -1.00448, -0.29296, 0.50635, -1.51536, -0.30440, 0.55784, -1.00165, -0.50605, 0.48901, -1.54028, -0.50165, 0.56067, -1.42308, -0.41631, 0.55504, -1.11294, -0.40936, 0.52772
-0.76204, -0.34274, 0.04881, -1.42933, -0.39429, -0.01802, -1.14877, -0.48758, 0.01036, -1.75570, -0.43222, 0.03496, -0.98075, -0.29138, 0.50216, -1.49614, -0.30817, 0.56041, -0.98285, -0.50434, 0.48778, -1.51530, -0.50608, 0.55908, -1.40065, -0.41727, 0.55511, -1.09069, -0.40657, 0.52736
-0.73752, -0.34096, 0.04202, -1.43099, -0.39459, -0.01763, -1.14981, -0.48809, 0.01374, -1.70231, -0.44013, 0.03139, -0.95628, -0.28994, 0.49953, -1.47717, -0.31251, 0.56369, -0.96419, -0.50249, 0.48647, -1.48929, -0.51087, 0.55711, -1.37787, -0.41796, 0.55555, -1.06832, -0.40342, 0.52623
-0.72247, -0.33957, 0.03530, -1.43231, -0.39477, -0.01638, -1.14968, -0.48915, 0.01794, -1.64196, -0.44863, 0.02813, -0.93194, -0.28829, 0.49890, -1.45866, -0.31728, 0.56678, -0.94531, -0.50076, 0.48525, -1.46227, -0.51577, 0.55563, -1.35493, -0.41816, 0.55612, -1.04598, -0.40014, 0.52435
-0.71393, -0.33881, 0.02873, -1.43368, -0.39504, -0.01489, -1.14622, -0.48890, 0.02270, -1.57676, -0.45632, 0.02475, -0.90852, -0.28625, 0.49914, -1.44004, -0.32198, 0.56896, -0.92525, -0.49907, 0.48392, -1.43460, -0.52026, 0.55509, -1.33185, -0.41784, 0.55656, -1.02358, -0.39681, 0.52198
-0.70832, -0.33911, 0.02359, -1.43513, -0.39532, -0.01346, -1.14071, -0.48877, 0.02836, -1.50753, -0.46224, 0.01989, -0.88570, -0.28362, 0.49990, -1.42028, -0.32604, 0.57000, -0.90320, -0.49702, 0.48229, -1.40664, -0.52389, 0.55561, -1.30825, -0.41728, 0.55682, -1.00069, -0.39349, 0.51942
-0.70421, -0.33992, 0.01987, -1.43649, -0.39554, -0.01207, -1.13235, -0.48805, 0.03471, -1.43573, -0.46594, 0.01429, -0.86247, -0.28092, 0.50086, -1.39901, -0.32846, 0.57022, -0.87958, -0.49472, 0.48073, -1.37901, -0.52586, 0.55701, -1.28413, -0.41610, 0.55708, -0.97726, -0.39035, 0.51683
-0.70277, -0.34115, 0.01762, -1.43792, -0.39564, -0.01070, -1.12056, -0.48708, 0.04194, -1.36313, -0.46748, 0.00901, -0.83950, -0.27830, 0.50261, -1.37663, -0.32950, 0.56972, -0.85478, -0.49235, 0.47982, -1.35213, -0.52655, 0.55917, -1.25980, -0.41465, 0.55753, -0.95357, -0.38761, 0.51459
-0.70156, -0.34156, 0.01630, -1.43922, -0.39571, -0.00909, -1.10429, -0.48530, 0.05255, -1.29103, -0.46532, 0.00460, -0.81717, -0.27565, 0.50412, -1.35377, -0.32933, 0.56859, -0.82924, -0.48993, 0.48007, -1.32615, -0.52611, 0.56144, -1.23559, -0.41281, 0.55800, -0.92985, -0.38525, 0.51320
-0.70074, -0.34138, 0.01576, -1.44015, -0.39573, -0.00712, -1.07566, -0.47958, 0.06684, -1.22050, -0.46201, 0.00038, -0.79447, -0.27319, 0.50566, -1.33079, -0.32783, 0.56691, -0.80315, -0.48726, 0.48104, -1.30121, -0.52442, 0.56330, -1.21176, -0.41031, 0.55820, -0.90624, -0.38316, 0.51234
-0.70015, -0.34080, 0.01577, -1.44049, -0.39551, -0.00472, -1.02900, -0.47468, 0.07754, -1.14940, -0.46001, -0.00226, -0.77205, -0.27096, 0.50721, -1.30819, -0.32586, 0.56476, -0.77729, -0.48457, 0.48205, -1.27743, -0.52231, 0.56412, -1.18864, -0.40775, 0.55764, -0.88300, -0.38152, 0.51212
-0.69968, -0.34005, 0.01605, -1.44009, -0.39496, -0.00217, -0.97160, -0.46961, 0.08629, -1.08610, -0.45827, -0.00422, -0.75005, -0.26903, 0.50881, -1.28602, -0.32433, 0.56176, -0.75230, -0.48204, 0.48239, -1.25468, -0.52068, 0.56383, -1.16622, -0.40595, 0.55594, -0.86018, -0.38041, 0.51232
-0.69952, -0.33923, 0.01665, -1.43885, -0.39489, 0.00069, -0.90844, -0.46429, 0.09175, -1.03562, -0.45630, -0.00595, -0.72849, -0.26727, 0.51045, -1.26428, -0.32324, 0.55869, -0.72745, -0.47950, 0.48307, -1.23268, -0.51953, 0.56212, -1.14434, -0.40474, 0.55397, -0.83779, -0.37974, 0.51289
-0.69941, -0.33851, 0.01756, -1.43909, -0.39440, 0.00414, -0.84394, -0.45828, 0.09103, -0.99502, -0.45546, -0.00600, -0.70743, -0.26562, 0.51171, -1.24290, -0.32264, 0.55540, -0.70178, -0.47674, 0.48454, -1.21140, -0.51894, 0.55900, -1.12294, -0.40417, 0.55182, -0.81587, -0.37948, 0.51363
-0.69928, -0.33777, 0.01874, -1.43897, -0.39358, 0.00830, -0.78026, -0.45057, 0.08579, -0.96909, -0.45541, -0.00743, -0.68640, -0.26432, 0.51266, -1.22170, -0.32252, 0.55194, -0.67518, -0.47382, 0.48637, -1.19044, -0.51887, 0.55528, -1.10179, -0.40417, 0.54941, -0.79412, -0.37964, 0.51454
-0.69909, -0.33699, 0.02009, -1.43671, -0.39261, 0.01299, -0.71718, -0.43951, 0.07997, -0.95624, -0.45496, -0.01184, -0.66548, -0.26334, 0.51322, -1.20027, -0.32293, 0.54885, -0.64896, -0.47129, 0.48799, -1.16935, -0.51935, 0.55057, -1.08047, -0.40475, 0.54688, -0.77218, -0.38027, 0.51561
-0.69882, -0.33615, 0.02156, -1.43078, -0.39125, 0.01781, -0.65091, -0.42769, 0.07212, -0.95036, -0.45426, -0.01661, -0.64461, -0.26258, 0.51336, -1.17840, -0.32377, 0.54669, -0.62366, -0.46944, 0.48902, -1.14802, -0.52027, 0.54486, -1.05880, -0.40586, 0.54419, -0.74997, -0.38119, 0.51657
-0.69842, -0.33520, 0.02315, -1.42097, -0.38951, 0.02331, -0.58275, -0.41693, 0.06169, -0.94808, -0.45384, -0.01974, -0.62385, -0.26202, 0.51305, -1.15606, -0.32469, 0.54498, -0.59900, -0.46804, 0.48982, -1.12682, -0.52132, 0.54037, -1.03693, -0.40745, 0.54204, -0.72776, -0.38223, 0.51709
-0.69783, -0.33409, 0.02484, -1.40580, -0.38673, 0.02888, -0.51017, -0.41119, 0.04930, -0.94600, -0.45372, -0.02134, -0.60342, -0.26154, 0.51234, -1.13354, -0.32501, 0.54347, -0.57504, -0.46699, 0.49048, -1.10584, -0.52185, 0.53854, -1.01506, -0.40872, 0.54123, -0.70572, -0.38324, 0.51724
-0.69704, -0.33279, 0.02668, -1.38147, -0.38306, 0.03213, -0.43078, -0.40890, 0.04051, -0.94526, -0.45358, -0.02288, -0.58338, -0.26114, 0.51130, -1.11023, -0.32300, 0.54286, -0.55221, -0.46676, 0.49014, -1.08591, -0.52032, 0.53906, -0.99320, -0.40875, 0.54175, -0.68376, -0.38419, 0.51717
-0.69601, -0.33115, 0.02864, -1.34686, -0.38029, 0.03305, -0.36031, -0.40995, 0.04042, -0.94629, -0.45298, -0.02350, -0.56359, -0.26089, 0.51002, -1.08585, -0.31857, 0.54336, -0.53017, -0.46737, 0.48797, -1.06699, -0.51651, 0.54276, -0.97124, -0.40752, 0.54332, -0.66171, -0.38511, 0.51697
-0.69466, -0.32934, 0.03085, -1.30347, -0.37746, 0.03234, -0.30871, -0.41076, 0.03727, -0.94876, -0.45216, -0.02368, -0.54414, -0.26062, 0.50864, -1.06048, -0.31217, 0.54405, -0.50785, -0.46787, 0.48457, -1.04876, -0.51062, 0.54844, -0.94915, -0.40518, 0.54541, -0.63959, -0.38591, 0.51672
-0.69289, -0.32775, 0.03344, -1.25421, -0.37403, 0.03119, -0.27294, -0.41002, 0.02880, -0.95212, -0.45148, -0.02334, -0.52515, -0.26024, 0.50715, -1.03439, -0.30466, 0.54426, -0.48534, -0.46789, 0.48094, -1.03101, -0.50323, 0.55413, -0.92707, -0.40224, 0.54748, -0.61754, -0.38650, 0.51646
-0.69078, -0.32659, 0.03658, -1.20042, -0.37029, 0.03074, -0.25176, -0.41057, 0.01810, -0.95573, -0.45075, -0.02238, -0.50618, -0.25975, 0.50565, -1.00716, -0.29693, 0.54463, -0.46195, -0.46730, 0.47752, -1.01280, -0.49509, 0.56004, -0.90439, -0.39920, 0.55000, -0.59508, -0.38692, 0.51624
-0.68810, -0.32595, 0.04067, -1.14098, -0.36635, 0.02826, -0.23724, -0.40989, 0.01070, -0.95905, -0.44999, -0.02083, -0.48588, -0.25929, 0.50410, -0.97889, -0.28981, 0.54593, -0.43787, -0.46658, 0.47632, -0.99320, -0.48711, 0.56604, -0.88072, -0.39639, 0.55316, -0.57185, -0.38711, 0.51613
-0.68429, -0.32522, 0.04562, -1.07718, -0.36317, 0.02454, -0.23189, -0.41127, 0.00600, -0.96176, -0.44930, -0.01856, -0.46384, -0.25891, 0.50232, -0.95024, -0.28405, 0.54880, -0.41295, -0.46597, 0.47834, -0.97197, -0.48036, 0.57185, -0.85620, -0.39427, 0.55651, -0.54791, -0.38701, 0.51616
-0.67691, -0.32461, 0.05062, -1.01056, -0.36065, 0.02082, -0.22974, -0.41271, 0.00342, -0.96372, -0.44896, -0.01565, -0.44074, -0.25832, 0.50032, -0.92196, -0.28012, 0.55287, -0.38700, -0.46489, 0.48160, -0.94896, -0.47563, 0.57705, -0.83102, -0.39295, 0.55965, -0.52332, -0.38638, 0.51632
-0.66420, -0.32457, 0.05481, -0.94412, -0.35826, 0.01761, -0.22793, -0.41368, 0.00223, -0.96498, -0.44881, -0.01257, -0.41686, -0.25695, 0.49837, -0.89471, -0.27801, 0.55749, -0.36159, -0.46332, 0.48422, -0.92442, -0.47320, 0.58111, -0.80544, -0.39226, 0.56259, -0.49830, -0.38482, 0.51666
-0.64700, -0.32531, 0.05936, -0.87993, -0.35549, 0.01407, -0.22647, -0.41483, 0.00186, -0.96586, -0.44863, -0.00963, -0.39188, -0.25506, 0.49735, -0.86859, -0.27722, 0.56225, -0.33888, -0.46250, 0.48569, -0.89948, -0.47248, 0.58371, -0.78007, -0.39212, 0.56545, -0.47344, -0.38279, 0.51716
-0.62206, -0.32590, 0.06584, -0.81552, -0.35297, 0.01000, -0.22517, -0.41597, 0.00209, -0.96657, -0.44823, -0.00675, -0.36533, -0.25305, 0.49839, -0.84380, -0.27754, 0.56675, -0.31684, -0.46161, 0.48674, -0.87473, -0.47313, 0.58487, -0.75532, -0.39252, 0.56775, -0.44912, -0.38075, 0.51767
-0.58060, -0.32468, 0.07710, -0.75224, -0.35048, 0.00591, -0.22421, -0.41678, 0.00262, -0.96670, -0.44764, -0.00385, -0.33885, -0.25099, 0.49930, -0.82069, -0.27864, 0.57030, -0.29429, -0.45984, 0.48804, -0.85065, -0.47469, 0.58467, -0.73165, -0.39318, 0.56909, -0.42567, -0.37860, 0.51819
-0.52490, -0.32044, 0.08327, -0.69061, -0.34761, 0.00334, -0.22340, -0.41724, 0.00311, -0.96659, -0.44696, -0.00092, -0.31526, -0.24855, 0.50003, -0.79887, -0.27998, 0.57244, -0.27189, -0.45737, 0.48911, -0.82727, -0.47649, 0.58319, -0.70888, -0.39375, 0.56951, -0.40295, -0.37618, 0.51875
-0.45746, -0.31609, 0.08542, -0.63471, -0.34279, 0.00223, -0.22310, -0.41739, 0.00330, -0.96708, -0.44685, 0.00226, -0.29243, -0.24589, 0.50184, -0.77821, -0.28133, 0.57284, -0.24978, -0.45439, 0.48992, -0.80442, -0.47828, 0.58073, -0.68691, -0.39402, 0.56890, -0.38081, -0.37350, 0.51938
-0.38733, -0.31128, 0.08563, -0.58842, -0.33700, 0.00137, -0.22342, -0.41769, 0.00331, -0.96680, -0.44801, 0.00566, -0.27101, -0.24307, 0.50454, -0.75886, -0.28253, 0.57154, -0.22808, -0.45109, 0.49045, -0.78182, -0.47995, 0.57761, -0.66567, -0.39364, 0.56726, -0.35921, -0.37061, 0.52011
-0.31551, -0.30552, 0.08479, -0.55713, -0.33253, -0.00151, -0.22418, -0.41827, 0.00334, -0.96643, -0.44912, 0.00970, -0.25012, -0.24028, 0.50732, -0.74054, -0.28345, 0.56874, -0.20689, -0.44777, 0.49066, -0.75947, -0.48132, 0.57393, -0.64504, -0.39260, 0.56486, -0.33806, -0.36756, 0.52094
-0.24410, -0.29929, 0.08234, -0.54480, -0.33100, -0.00735, -0.22491, -0.41856, 0.00383, -0.96638, -0.44883, 0.01499, -0.22816, -0.23763, 0.50890, -0.72239, -0.28382, 0.56450, -0.18618, -0.44484, 0.49063, -0.73747, -0.48203, 0.56943, -0.62470, -0.39105, 0.56194, -0.31714, -0.36453, 0.52185
-0.17454, -0.29331, 0.07535, -0.54027, -0.33077, -0.01284, -0.22593, -0.41856, 0.00439, -0.96401, -0.44823, 0.02106, -0.20510, -0.23523, 0.51016, -0.70367, -0.28333, 0.55896, -0.16586, -0.44230, 0.49047, -0.71600, -0.48169, 0.56524, -0.60443, -0.38917, 0.55891, -0.29634, -0.36158, 0.52275
-0.10549, -0.28622, 0.06506, -0.54021, -0.33296, -0.01669, -0.22715, -0.41857, 0.00498, -0.95714, -0.44866, 0.02709, -0.18140, -0.23309, 0.51220, -0.68423, -0.28207, 0.55410, -0.14582, -0.43991, 0.49016, -0.69477, -0.48047, 0.56207, -0.58401, -0.38696, 0.55604, -0.27548, -0.35860, 0.52354
-0.02961, -0.28097, 0.04823, -0.53997, -0.33595, -0.01868, -0.22826, -0.41872, 0.00579, -0.94439, -0.45176, 0.03197, -0.16065, -0.23021, 0.51334, -0.66459, -0.28062, 0.55108, -0.12607, -0.43757, 0.48966, -0.67344, -0.47908, 0.55977, -0.56347, -0.38462, 0.55394, -0.25468, -0.35551, 0.52417
0.02863, -0.27175, 0.05086, -0.53912, -0.33848, -0.01985, -0.22944, -0.41918, 0.00698, -0.92206, -0.45206, 0.03491, -0.14160, -0.22531, 0.50908, -0.64504, -0.27949, 0.55026, -0.10660, -0.43465, 0.48886, -0.65129, -0.47808, 0.55828, -0.54257, -0.38218, 0.55259, -0.23371, -0.35185, 0.52451
0.07551, -0.26277, 0.04793, -0.53969, -0.33995, -0.02030, -0.23082, -0.42018, 0.00875, -0.88863, -0.45018, 0.03581, -0.12019, -0.22104, 0.50428, -0.62559, -0.27888, 0.55091, -0.08721, -0.43179, 0.48787, -0.62831, -0.47761, 0.55728, -0.52132, -0.37977, 0.55180, -0.21254, -0.34796, 0.52451
0.11239, -0.25466, 0.04230, -0.54150, -0.34059, -0.02039, -0.23192, -0.42156, 0.01115, -0.84531, -0.45034, 0.03429, -0.09696, -0.21736, 0.49998, -0.60634, -0.27917, 0.55287, -0.06781, -0.42889, 0.48666, -0.60426, -0.47798, 0.55604, -0.49968, -0.37752, 0.55151, -0.19116, -0.34379, 0.52420
0.13898, -0.24817, 0.03502, -0.54370, -0.34101, -0.01983, -0.23227, -0.42311, 0.01406, -0.79177, -0.45380, 0.03045, -0.07219, -0.21396, 0.49681, -0.58719, -0.28059, 0.55616, -0.04839, -0.42585, 0.48526, -0.57872, -0.47924, 0.55447, -0.47744, -0.37539, 0.55200, -0.16939, -0.33921, 0.52357
0.15184, -0.24212, 0.02722, -0.54526, -0.34131, -0.01866, -0.23248, -0.42394, 0.01778, -0.73020, -0.45720, 0.02662, -0.04742, -0.21068, 0.49564, -0.56772, -0.28307, 0.55970, -0.02871, -0.42303, 0.48366, -0.55181, -0.48118, 0.55348, -0.45452, -0.37356, 0.55280, -0.14716, -0.33463, 0.52228
0.15868, -0.23870, 0.02220, -0.54643, -0.34158, -0.01738, -0.23186, -0.42339, 0.02273, -0.66551, -0.45442, 0.02346, -0.02426, -0.20694, 0.49650, -0.54775, -0.28586, 0.56226, -0.00831, -0.42014, 0.48189, -0.52377, -0.48305, 0.55338, -0.43099, -0.37152, 0.55341, -0.12440, -0.33001, 0.52050
0.16171, -0.23826, 0.01944, -0.54771, -0.34173, -0.01586, -0.22805, -0.42167, 0.02813, -0.59876, -0.44676, 0.01976, -0.00041, -0.20328, 0.49897, -0.52636, -0.28730, 0.56394, 0.01294, -0.41697, 0.47979, -0.49588, -0.48355, 0.55408, -0.40687, -0.36898, 0.55391, -0.10103, -0.32534, 0.51883
0.16212, -0.23941, 0.01750, -0.54892, -0.34185, -0.01385, -0.21938, -0.41999, 0.03343, -0.52913, -0.43679, 0.01508, 0.02520, -0.20009, 0.50173, -0.50380, -0.28750, 0.56522, 0.03569, -0.41354, 0.47798, -0.46813, -0.48287, 0.55537, -0.38222, -0.36595, 0.55460, -0.07705, -0.32086, 0.51743
0.16166, -0.24006, 0.01641, -0.54992, -0.34200, -0.01150, -0.20716, -0.41793, 0.04100, -0.45974, -0.42475, 0.01063, 0.05037, -0.19719, 0.50374, -0.48091, -0.28682, 0.56628, 0.06001, -0.41023, 0.47779, -0.44075, -0.48136, 0.55738, -0.35760, -0.36249, 0.55537, -0.05291, -0.31687, 0.51631
0.16187, -0.24036, 0.01612, -0.55048, -0.34211, -0.00863, -0.18944, -0.41341, 0.05262, -0.38837, -0.41136, 0.00745, 0.07436, -0.19453, 0.50524, -0.45812, -0.28532, 0.56660, 0.08531, -0.40710, 0.47884, -0.41447, -0.47916, 0.55884, -0.33349, -0.35882, 0.55585, -0.02904, -0.31355, 0.51552
0.16304, -0.24031, 0.01641, -0.55067, -0.34181, -0.00556, -0.15967, -0.40508, 0.06882, -0.31751, -0.39791, 0.00427, 0.09723, -0.19209, 0.50660, -0.43541, -0.28309, 0.56624, 0.11063, -0.40408, 0.48030, -0.38972, -0.47650, 0.55954, -0.31000, -0.35533, 0.55604, -0.00559, -0.31088, 0.51502
0.16312, -0.24008, 0.01697, -0.55042, -0.34155, -0.00238, -0.11419, -0.39636, 0.08203, -0.25046, -0.38474, 0.00075, 0.11981, -0.19000, 0.50811, -0.41291, -0.27993, 0.56515, 0.13525, -0.40122, 0.48139, -0.36661, -0.47323, 0.55968, -0.28725, -0.35184, 0.55577, 0.01740, -0.30882, 0.51491
0.16292, -0.23964, 0.01770, -0.54972, -0.34121, 0.00081, -0.05549, -0.39091, 0.09200, -0.19059, -0.37207, -0.00149, 0.14182, -0.18830, 0.50974, -0.39086, -0.27658, 0.56364, 0.15971, -0.39851, 0.48269, -0.34474, -0.46994, 0.55905, -0.26523, -0.34865, 0.55515, 0.03988, -0.30744, 0.51535
0.16248, -0.23903, 0.01861, -0.54857, -0.34087, 0.00355, 0.01031, -0.38664, 0.09854, -0.14032, -0.36063, -0.00277, 0.16328, -0.18727, 0.51105, -0.36921, -0.27318, 0.56154, 0.18452, -0.39607, 0.48463, -0.32400, -0.46677, 0.55734, -0.24387, -0.34586, 0.55417, 0.06181, -0.30675, 0.51580
0.16205, -0.23831, 0.01969, -0.54780, -0.34096, 0.00677, 0.07536, -0.37964, 0.09923, -0.10149, -0.35274, -0.00439, 0.18421, -0.18671, 0.51197, -0.34794, -0.26970, 0.55855, 0.21018, -0.39341, 0.48727, -0.30434, -0.46366, 0.55450, -0.22313, -0.34345, 0.55273, 0.08321, -0.30654, 0.51625
0.16182, -0.23757, 0.02093, -0.54714, -0.34134, 0.01131, 0.13813, -0.37222, 0.09505, -0.07808, -0.34491, -0.00704, 0.20473, -0.18654, 0.51254, -0.32696, -0.26631, 0.55532, 0.23567, -0.39078, 0.49015, -0.28525, -0.46068, 0.55077, -0.20283, -0.34128, 0.55101, 0.10423, -0.30668, 0.51683
0.16183, -0.23680, 0.02237, -0.54530, -0.34028, 0.01686, 0.20204, -0.36815, 0.08849, -0.06325, -0.33863, -0.01040, 0.22515, -0.18662, 0.51268, -0.30589, -0.26303, 0.55212, 0.26002, -0.38892, 0.49288, -0.26637, -0.45782, 0.54625, -0.18258, -0.33941, 0.54914, 0.12520, -0.30716, 0.51778
0.16185, -0.23600, 0.02409, -0.53891, -0.33788, 0.02239, 0.26760, -0.36562, 0.07983, -0.05401, -0.33450, -0.01322, 0.24588, -0.18697, 0.51241, -0.28446, -0.25962, 0.54896, 0.28300, -0.38844, 0.49532, -0.24765, -0.45486, 0.54081, -0.16223, -0.33773, 0.54658, 0.14632, -0.30797, 0.51907
0.16173, -0.23516, 0.02611, -0.52462, -0.33487, 0.02658, 0.33607, -0.36227, 0.06742, -0.05026, -0.33129, -0.01547, 0.26658, -0.18739, 0.51182, -0.26242, -0.25574, 0.54701, 0.30525, -0.38889, 0.49732, -0.22897, -0.45153, 0.53768, -0.14155, -0.33594, 0.54446, 0.16766, -0.30894, 0.52033
0.16170, -0.23432, 0.02836, -0.50505, -0.32954, 0.02972, 0.41109, -0.36376, 0.05134, -0.04986, -0.32853, -0.01772, 0.28726, -0.18774, 0.51087, -0.23948, -0.25103, 0.54533, 0.32647, -0.39023, 0.49861, -0.21060, -0.44759, 0.53711, -0.12051, -0.33403, 0.54319, 0.18922, -0.30999, 0.52135
0.16210, -0.23343, 0.03082, -0.47962, -0.32170, 0.03172, 0.48679, -0.37167, 0.04487, -0.05116, -0.32791, -0.01990, 0.30773, -0.18806, 0.50964, -0.21581, -0.24522, 0.54347, 0.34652, -0.39270, 0.49777, -0.19255, -0.44265, 0.53894, -0.09925, -0.33160, 0.54271, 0.21090, -0.31104, 0.52205
0.16327, -0.23234, 0.03344, -0.44490, -0.31297, 0.03155, 0.54533, -0.37144, 0.04331, -0.05376, -0.32702, -0.02085, 0.32762, -0.18859, 0.50824, -0.19114, -0.23807, 0.54157, 0.36738, -0.39504, 0.49508, -0.17491, -0.43625, 0.54298, -0.07772, -0.32853, 0.54326, 0.23271, -0.31224, 0.52210
0.16552, -0.23095, 0.03614, -0.39805, -0.30661, 0.02982, 0.58764, -0.36682, 0.03675, -0.05566, -0.32669, -0.02043, 0.34684, -0.18946, 0.50680, -0.16522, -0.22929, 0.53947, 0.38869, -0.39718, 0.49226, -0.15770, -0.42777, 0.54883, -0.05588, -0.32451, 0.54459, 0.25467, -0.31362, 0.52167
0.16911, -0.22930, 0.03893, -0.34521, -0.29997, 0.02874, 0.61178, -0.36397, 0.02506, -0.05809, -0.32633, -0.01940, 0.36578, -0.19085, 0.50540, -0.13771, -0.21928, 0.53749, 0.41098, -0.39906, 0.48858, -0.14111, -0.41726, 0.55566, -0.03376, -0.32010, 0.54641, 0.27668, -0.31521, 0.52094
0.17402, -0.22761, 0.04208, -0.28649, -0.29257, 0.02763, 0.62626, -0.36083, 0.01393, -0.06003, -0.32619, -0.01791, 0.38528, -0.19282, 0.50400, -0.10923, -0.20976, 0.53621, 0.43361, -0.40112, 0.48477, -0.12395, -0.40630, 0.56254, -0.01124, -0.31604, 0.54853, 0.29887, -0.31703, 0.52013
0.17926, -0.22657, 0.04622, -0.22312, -0.28405, 0.02620, 0.63673, -0.36034, 0.00781, -0.06182, -0.32602, -0.01631, 0.40623, -0.19501, 0.50232, -0.08057, -0.20238, 0.53679, 0.45639, -0.40338, 0.48332, -0.10486, -0.39718, 0.56844, 0.01209, -0.31313, 0.55086, 0.32168, -0.31887, 0.51934
0.18591, -0.22635, 0.05118, -0.15882, -0.27582, 0.02456, 0.64300, -0.36171, 0.00414, -0.06367, -0.32583, -0.01459, 0.42846, -0.19716, 0.50029, -0.05222, -0.19764, 0.53960, 0.47921, -0.40588, 0.48378, -0.08349, -0.39113, 0.57311, 0.03634, -0.31170, 0.55359, 0.34533, -0.32051, 0.51861
0.19527, -0.22649, 0.05660, -0.09170, -0.26936, 0.02136, 0.64667, -0.36351, 0.00224, -0.06552, -0.32559, -0.01273, 0.45187, -0.19928, 0.49825, -0.02440, -0.19519, 0.54387, 0.50223, -0.40852, 0.48502, -0.06033, -0.38798, 0.57672, 0.06133, -0.31154, 0.55664, 0.36968, -0.32196, 0.51798
0.21023, -0.22622, 0.06300, -0.02482, -0.26583, 0.01758, 0.64816, -0.36471, 0.00136, -0.06729, -0.32529, -0.01067, 0.47740, -0.20108, 0.49816, 0.00218, -0.19490, 0.54909, 0.52499, -0.41118, 0.48635, -0.03615, -0.38764, 0.57943, 0.08641, -0.31255, 0.55967, 0.39417, -0.32325, 0.51753
0.23485, -0.22725, 0.06981, 0.04017, -0.26419, 0.01294, 0.64927, -0.36561, 0.00117, -0.06892, -0.32511, -0.00830, 0.50486, -0.20266, 0.49936, 0.02780, -0.19588, 0.55485, 0.54707, -0.41382, 0.48753, -0.01183, -0.38892, 0.58137, 0.11118, -0.31436, 0.56244, 0.41847, -0.32439, 0.51737
0.27297, -0.23152, 0.07721, 0.10617, -0.26379, 0.00847, 0.65051, -0.36632, 0.00150, -0.07037, -0.32502, -0.00567, 0.53482, -0.20419, 0.50100, 0.05229, -0.19808, 0.56033, 0.56920, -0.41593, 0.48850, 0.01244, -0.39168, 0.58203, 0.13551, -0.31685, 0.56463, 0.44250, -0.32513, 0.51752
0.32524, -0.23527, 0.08437, 0.17057, -0.26393, 0.00522, 0.65180, -0.36661, 0.00191, -0.07152, -0.32493, -0.00295, 0.56153, -0.20538, 0.50222, 0.07516, -0.20142, 0.56545, 0.59116, -0.41722, 0.48938, 0.03623, -0.39580, 0.58100, 0.15895, -0.31986, 0.56608, 0.46589, -0.32568, 0.51813
0.38860, -0.23816, 0.08973, 0.23016, -0.26438, 0.00431, 0.65204, -0.36648, 0.00194, -0.07230, -0.32448, -0.00009, 0.58512, -0.20606, 0.50408, 0.09651, -0.20530, 0.56932, 0.61279, -0.41781, 0.49029, 0.05943, -0.40042, 0.57894, 0.18142, -0.32291, 0.56629, 0.48860, -0.32610, 0.51895
0.45604, -0.24292, 0.09133, 0.28249, -0.26515, 0.00617, 0.65161, -0.36668, 0.00186, -0.07259, -0.32351, 0.00304, 0.60778, -0.20661, 0.50718, 0.11664, -0.20926, 0.57162, 0.63408, -0.41787, 0.49097, 0.08198, -0.40500, 0.57623, 0.20303, -0.32568, 0.56596, 0.51058, -0.32643, 0.52003
0.52774, -0.24905, 0.08752, 0.32468, -0.26611, 0.00765, 0.65115, -0.36690, 0.00202, -0.07256, -0.32200, 0.00666, 0.62980, -0.20704, 0.51050, 0.13598, -0.21301, 0.57224, 0.65503, -0.41757, 0.49116, 0.10376, -0.40923, 0.57303, 0.22387, -0.32822, 0.56510, 0.53188, -0.32671, 0.52132
0.59858, -0.25404, 0.08241, 0.35304, -0.26793, 0.00671, 0.65072, -0.36719, 0.00235, -0.07113, -0.32211, 0.01020, 0.65244, -0.20776, 0.51277, 0.15498, -0.21636, 0.57116, 0.67556, -0.41742, 0.49091, 0.12476, -0.41289, 0.56997, 0.24411, -0.33061, 0.56398, 0.55257, -0.32703, 0.52263
0.67014, -0.25796, 0.07686, 0.36740, -0.27056, 0.00208, 0.65029, -0.36751, 0.00280, -0.07142, -0.32217, 0.01575, 0.67522, -0.20835, 0.51405, 0.17392, -0.21906, 0.56890, 0.69561, -0.41739, 0.49042, 0.14546, -0.41585, 0.56739, 0.26413, -0.33252, 0.56278, 0.57306, -0.32716, 0.52410
0.74066, -0.26167, 0.06732, 0.37348, -0.27322, -0.00406, 0.64963, -0.36789, 0.00343, -0.07050, -0.32253, 0.02275, 0.69855, -0.20894, 0.51524, 0.19307, -0.22104, 0.56658, 0.71526, -0.41758, 0.48980, 0.16637, -0.41808, 0.56503, 0.28434, -0.33370, 0.56144, 0.59370, -0.32705, 0.52563
0.81674, -0.26908, 0.04479, 0.37702, -0.27531, -0.00920, 0.64829, -0.36803, 0.00419, -0.06504, -0.32397, 0.02967, 0.72100, -0.20942, 0.51685, 0.21283, -0.22213, 0.56417, 0.73480, -0.41820, 0.48899, 0.18774, -0.41938, 0.56299, 0.30504, -0.33406, 0.55986, 0.61477, -0.32682, 0.52683
0.88308, -0.27003, 0.05093, 0.37840, -0.27680, -0.01344, 0.64664, -0.36777, 0.00517, -0.05341, -0.32752, 0.03499, 0.74105, -0.20742, 0.51260, 0.23331, -0.22274, 0.56229, 0.75425, -0.41833, 0.48791, 0.20976, -0.42018, 0.56151, 0.32639, -0.33395, 0.55829, 0.63636, -0.32595, 0.52741
0.93847, -0.27053, 0.05314, 0.37824, -0.27853, -0.01601, 0.64515, -0.36729, 0.00657, -0.03435, -0.33343, 0.03772, 0.76292, -0.20619, 0.50818, 0.25420, -0.22377, 0.56139, 0.77365, -0.41850, 0.48664, 0.23252, -0.42143, 0.56045, 0.34832, -0.33410, 0.55706, 0.65839, -0.32486, 0.52745
0.98512, -0.27176, 0.05138, 0.37770, -0.28022, -0.01685, 0.64365, -0.36727, 0.00848, -0.00536, -0.34035, 0.03833, 0.78607, -0.20575, 0.50385, 0.27484, -0.22583, 0.56191, 0.79271, -0.41881, 0.48523, 0.25627, -0.42379, 0.55922, 0.37067, -0.33461, 0.55626, 0.68068, -0.32363, 0.52688
1.02257, -0.27405, 0.04569, 0.37625, -0.28089, -0.01673, 0.64268, -0.36810, 0.01089, 0.03281, -0.34789, 0.03886, 0.81037, -0.20609, 0.49897, 0.29489, -0.22921, 0.56411, 0.81147, -0.41936, 0.48369, 0.28119, -0.42749, 0.55784, 0.39335, -0.33547, 0.55617, 0.70308, -0.32227, 0.52555
1.05140, -0.27800, 0.03877, 0.37449, -0.28157, -0.01633, 0.64306, -0.36991, 0.01357, 0.08080, -0.35534, 0.03784, 0.83546, -0.20677, 0.49435, 0.31440, -0.23377, 0.56651, 0.83048, -0.41979, 0.48172, 0.30744, -0.43221, 0.55593, 0.41641, -0.33643, 0.55624, 0.72568, -0.32077, 0.52369
1.06874, -0.28071, 0.03242, 0.37357, -0.28216, -0.01508, 0.64411, -0.37205, 0.01692, 0.13767, -0.36124, 0.03522, 0.86076, -0.20741, 0.49308, 0.33388, -0.23889, 0.56889, 0.85030, -0.42043, 0.47953, 0.33484, -0.43718, 0.55409, 0.43989, -0.33713, 0.55619, 0.74860, -0.31940, 0.52154
1.07745, -0.28213, 0.02653, 0.37215, -0.28262, -0.01410, 0.64566, -0.37378, 0.02152, 0.20140, -0.36657, 0.03109, 0.88546, -0.20784, 0.49402, 0.35420, -0.24369, 0.57058, 0.87140, -0.42118, 0.47719, 0.36255, -0.44160, 0.55326, 0.46376, -0.33768, 0.55605, 0.77186, -0.31830, 0.51920
1.08209, -0.28351, 0.02235, 0.37037, -0.28292, -0.01319, 0.64926, -0.37492, 0.02723, 0.26864, -0.37167, 0.02576, 0.91006, -0.20847, 0.49630, 0.37553, -0.24752, 0.57168, 0.89347, -0.42203, 0.47477, 0.39020, -0.44498, 0.55344, 0.48799, -0.33785, 0.55612, 0.79547, -0.31759, 0.51678
1.08499, -0.28561, 0.01959, 0.36856, -0.28317, -0.01207, 0.65627, -0.37535, 0.03374, 0.33757, -0.37420, 0.01920, 0.93559, -0.20946, 0.49871, 0.39812, -0.25026, 0.57226, 0.91671, -0.42268, 0.47249, 0.41779, -0.44731, 0.55432, 0.51281, -0.33769, 0.55645, 0.81970, -0.31719, 0.51467
1.08607, -0.28750, 0.01757, 0.36693, -0.28335, -0.01063, 0.66815, -0.37636, 0.04248, 0.40860, -0.37476, 0.01215, 0.96046, -0.21001, 0.50058, 0.42182, -0.25194, 0.57240, 0.94126, -0.42313, 0.47153, 0.44517, -0.44871, 0.55571, 0.53811, -0.33731, 0.55695, 0.84447, -0.31691, 0.51290
1.08622, -0.28828, 0.01634, 0.36569, -0.28342, -0.00883, 0.68818, -0.37460, 0.05341, 0.48483, -0.37737, 0.00544, 0.98470, -0.21067, 0.50243, 0.44563, -0.25260, 0.57230, 0.96659, -0.42377, 0.47173, 0.47154, -0.44920, 0.55762, 0.56300, -0.33657, 0.55735, 0.86908, -0.31703, 0.51204
1.08619, -0.28830, 0.01597, 0.36493, -0.28331, -0.00679, 0.72056, -0.36950, 0.06601, 0.55720, -0.37789, -0.00022, 1.00836, -0.21132, 0.50437, 0.46927, -0.25249, 0.57146, 0.99324, -0.42439, 0.47382, 0.49665, -0.44905, 0.55915, 0.58727, -0.33576, 0.55767, 0.89331, -0.31752, 0.51185
1.08679, -0.28794, 0.01634, 0.36479, -0.28311, -0.00453, 0.76801, -0.36817, 0.07762, 0.62530, -0.37543, -0.00376, 1.03177, -0.21205, 0.50642, 0.49257, -0.25194, 0.56991, 1.01953, -0.42463, 0.47615, 0.52029, -0.44859, 0.56003, 0.61075, -0.33519, 0.55762, 0.91696, -0.31839, 0.51207
1.08711, -0.28747, 0.01708, 0.36522, -0.28261, -0.00197, 0.82732, -0.37093, 0.08564, 0.69002, -0.37419, -0.00486, 1.05441, -0.21264, 0.50854, 0.51546, -0.25129, 0.56772, 1.04493, -0.42452, 0.47790, 0.54272, -0.44811, 0.56023, 0.63348, -0.33497, 0.55688, 0.94007, -0.31964, 0.51260
1.08710, -0.28700, 0.01800, 0.36510, -0.28231, 0.00116, 0.89281, -0.37388, 0.08970, 0.74595, -0.37397, -0.00525, 1.07607, -0.21308, 0.51055, 0.53808, -0.25068, 0.56487, 1.07038, -0.42420, 0.48017, 0.56410, -0.44773, 0.55917, 0.65560, -0.33521, 0.55532, 0.96278, -0.32125, 0.51343
1.08709, -0.28636, 0.01908, 0.36529, -0.28237, 0.00482, 0.96225, -0.37483, 0.09047, 0.78979, -0.37344, -0.00611, 1.09766, -0.21395, 0.51205, 0.56041, -0.25048, 0.56185, 1.09642, -0.42398, 0.48290, 0.58451, -0.44778, 0.55662, 0.67716, -0.33618, 0.55337, 0.98503, -0.32340, 0.51456
1.08727, -0.28555, 0.02026, 0.36647, -0.28242, 0.00913, 1.03128, -0.37560, 0.08819, 0.81575, -0.37174, -0.00848, 1.11899, -0.21528, 0.51293, 0.58233, -0.25085, 0.55932, 1.12291, -0.42383, 0.48535, 0.60418, -0.44839, 0.55306, 0.69816, -0.33787, 0.55150, 1.00670, -0.32605, 0.51595
1.08763, -0.28462, 0.02167, 0.36872, -0.28162, 0.01437, 1.09941, -0.37653, 0.08278, 0.82915, -0.36997, -0.01212, 1.14003, -0.21698, 0.51348, 0.60430, -0.25184, 0.55685, 1.14874, -0.42414, 0.48760, 0.62389, -0.44954, 0.54854, 0.71919, -0.34016, 0.54972, 1.02833, -0.32914, 0.51737
1.08807, -0.28356, 0.02329, 0.37398, -0.28004, 0.02015, 1.16905, -0.37673, 0.07440, 0.83768, -0.36970, -0.01475, 1.16083, -0.21903, 0.51369, 0.62649, -0.25319, 0.55439, 1.17353, -0.42531, 0.48954, 0.64385, -0.45094, 0.54301, 0.74042, -0.34277, 0.54772, 1.05010, -0.33256, 0.51858
1.08851, -0.28242, 0.02511, 0.38690, -0.28027, 0.02514, 1.24274, -0.37832, 0.06272, 0.84075, -0.36949, -0.01653, 1.18143, -0.22134, 0.51354, 0.64892, -0.25458, 0.55313, 1.19774, -0.42715, 0.49119, 0.66413, -0.45236, 0.53929, 0.76188, -0.34536, 0.54621, 1.07198, -0.33619, 0.51955
1.08902, -0.28125, 0.02716, 0.40682, -0.28039, 0.02964, 1.32248, -0.38308, 0.05190, 0.84001, -0.36910, -0.01883, 1.20184, -0.22370, 0.51310, 0.67203, -0.25523, 0.55249, 1.22128, -0.42949, 0.49228, 0.68433, -0.45317, 0.53816, 0.78364, -0.34767, 0.54553, 1.09401, -0.33990, 0.52021
