-0.22436, 0.03723, 0.10906, -0.59098, -0.42581, 0.07741, 0.00329, -0.15430, 0.05018, -0.42726, -0.44018, -0.01439, -0.09469, -0.07000, 0.51841, -0.33462, -0.52461, 0.49151, 0.09167, -0.16442, 0.46614, -0.18783, -0.62785, 0.40589, -0.19547, -0.49481, 0.46325, -0.05402, -0.21883, 0.49489
-0.10665, 0.07477, 0.11580, -0.49210, -0.33527, 0.08048, 0.01081, -0.15793, 0.05160, -0.42627, -0.44651, -0.00442, -0.04417, -0.05179, 0.52026, -0.30507, -0.49688, 0.50114, 0.13215, -0.16247, 0.46331, -0.16206, -0.61117, 0.42351, -0.16407, -0.47538, 0.47455, -0.01232, -0.20401, 0.49738
0.02104, 0.09666, 0.13066, -0.38942, -0.25741, 0.06906, 0.02424, -0.16012, 0.05793, -0.39707, -0.44721, 0.01466, 0.00411, -0.03663, 0.51928, -0.27595, -0.46906, 0.50980, 0.17251, -0.16074, 0.46381, -0.13699, -0.59202, 0.43832, -0.13381, -0.45454, 0.48456, 0.02913, -0.18921, 0.49959
0.14108, 0.10625, 0.15046, -0.28467, -0.19319, 0.04137, 0.04935, -0.16196, 0.06546, -0.31053, -0.45456, 0.02271, 0.05285, -0.02269, 0.51442, -0.24763, -0.44194, 0.51609, 0.21490, -0.15851, 0.46676, -0.11251, -0.57147, 0.44896, -0.10473, -0.43330, 0.49254, 0.07064, -0.17576, 0.50035
0.24295, 0.11266, 0.16051, -0.19791, -0.16036, 0.00530, 0.08846, -0.15525, 0.07202, -0.18694, -0.42826, 0.04651, 0.10167, -0.01111, 0.50676, -0.22042, -0.41375, 0.51883, 0.25907, -0.15595, 0.47050, -0.08968, -0.55010, 0.45672, -0.07669, -0.41196, 0.49914, 0.11227, -0.16415, 0.49962
0.33143, 0.12093, 0.15027, -0.15907, -0.16166, -0.01065, 0.16025, -0.10144, 0.08966, -0.07258, -0.38567, 0.05665, 0.15075, 0.00044, 0.49709, -0.19375, -0.38296, 0.51660, 0.30080, -0.15462, 0.47334, -0.06909, -0.52789, 0.46189, -0.04948, -0.39016, 0.50307, 0.15309, -0.15338, 0.49775
0.42780, 0.12865, 0.14305, -0.20153, -0.16549, -0.01915, 0.24037, -0.06965, 0.10067, 0.02475, -0.33385, 0.04428, 0.20233, 0.01324, 0.48343, -0.16634, -0.34900, 0.50912, 0.34229, -0.15271, 0.47925, -0.05071, -0.50468, 0.46515, -0.02257, -0.36725, 0.50218, 0.19317, -0.14241, 0.49490
0.52013, 0.13287, 0.14020, -0.20371, -0.15653, -0.02167, 0.33873, -0.04981, 0.11762, 0.08706, -0.28682, 0.00481, 0.25805, 0.02671, 0.47173, -0.13699, -0.31461, 0.49913, 0.38364, -0.14923, 0.48781, -0.03108, -0.47964, 0.46613, 0.00536, -0.34252, 0.49644, 0.23341, -0.13008, 0.49110
0.59054, 0.12956, 0.12648, -0.20664, -0.15746, -0.02128, 0.45521, -0.03276, 0.14899, 0.08306, -0.27312, -0.01889, 0.31800, 0.03945, 0.46459, -0.10463, -0.28137, 0.48604, 0.42422, -0.14521, 0.49898, -0.00656, -0.45332, 0.46726, 0.03620, -0.31618, 0.48758, 0.27555, -0.11665, 0.48753
0.63390, 0.11437, 0.10382, -0.21349, -0.16459, -0.01859, 0.57919, -0.02502, 0.17989, 0.06994, -0.26928, -0.01891, 0.37874, 0.05062, 0.46327, -0.06607, -0.25206, 0.47565, 0.46569, -0.14152, 0.50592, 0.02761, -0.42725, 0.46714, 0.07388, -0.29022, 0.47865, 0.32216, -0.10243, 0.48515
0.65479, 0.09244, 0.07394, -0.21796, -0.16607, -0.01477, 0.68802, -0.02911, 0.20050, 0.06965, -0.26854, -0.02211, 0.43918, 0.06266, 0.46248, -0.01981, -0.22997, 0.48228, 0.51343, -0.13489, 0.50406, 0.07392, -0.40405, 0.46103, 0.12024, -0.26749, 0.47700, 0.37359, -0.08750, 0.48360
0.64746, 0.07079, 0.04032, -0.22340, -0.16854, -0.00595, 0.76485, -0.03070, 0.18989, 0.06458, -0.26526, -0.02171, 0.49829, 0.07468, 0.46109, 0.03231, -0.20935, 0.48774, 0.56845, -0.12552, 0.49533, 0.12150, -0.38343, 0.45192, 0.17112, -0.24862, 0.47226, 0.42789, -0.07375, 0.48201
0.66016, 0.06753, 0.03179, -0.21406, -0.17028, 0.01155, 0.83650, -0.02768, 0.15147, 0.05382, -0.26992, -0.02325, 0.56087, 0.08720, 0.46261, 0.08971, -0.19195, 0.49603, 0.62811, -0.11404, 0.48312, 0.17238, -0.36637, 0.44824, 0.22670, -0.23432, 0.47392, 0.48493, -0.06158, 0.48212
0.65562, 0.06439, 0.02784, -0.17835, -0.16448, 0.03036, 0.92865, -0.02105, 0.13347, 0.04618, -0.27317, -0.02202, 0.61101, 0.10007, 0.46607, 0.14826, -0.17321, 0.50723, 0.69220, -0.09699, 0.46627, 0.22359, -0.34936, 0.45398, 0.28320, -0.22005, 0.48182, 0.54369, -0.05063, 0.48360
0.65370, 0.06439, 0.03081, -0.10273, -0.15346, 0.04558, 0.97979, -0.02050, 0.09535, 0.03762, -0.27841, -0.00658, 0.65857, 0.10995, 0.47225, 0.20442, -0.15074, 0.51521, 0.75795, -0.07896, 0.45933, 0.27221, -0.33163, 0.46809, 0.33742, -0.20464, 0.49394, 0.60288, -0.04273, 0.48705
0.65872, 0.06321, 0.04015, 0.00787, -0.12143, 0.06140, 1.00413, -0.01785, 0.06824, 0.06530, -0.28453, 0.03005, 0.70545, 0.11358, 0.47992, 0.25871, -0.12543, 0.52006, 0.82054, -0.06586, 0.45690, 0.31820, -0.31154, 0.48316, 0.38928, -0.18737, 0.50719, 0.66174, -0.03730, 0.49255
0.66296, 0.06404, 0.05650, 0.14954, -0.06694, 0.07041, 1.00429, -0.02128, 0.04782, 0.15926, -0.28241, 0.05400, 0.75474, 0.11466, 0.49077, 0.31168, -0.10153, 0.52392, 0.87841, -0.05785, 0.45872, 0.36432, -0.29092, 0.49391, 0.43969, -0.16969, 0.51982, 0.71907, -0.03282, 0.50083
0.68026, 0.07190, 0.07770, 0.31974, -0.01514, 0.06337, 1.00478, -0.02304, 0.03940, 0.30512, -0.25286, 0.07284, 0.80626, 0.11335, 0.50603, 0.36319, -0.07978, 0.52715, 0.92700, -0.05926, 0.45929, 0.41113, -0.27108, 0.50173, 0.48869, -0.15237, 0.53243, 0.77470, -0.02988, 0.51194
0.71829, 0.08421, 0.10071, 0.49665, 0.03033, 0.05637, 1.00136, -0.02218, 0.04775, 0.46613, -0.20956, 0.07429, 0.85984, 0.11245, 0.52575, 0.41263, -0.06036, 0.52796, 0.97180, -0.06415, 0.47172, 0.45649, -0.25332, 0.50843, 0.53504, -0.13660, 0.54389, 0.82684, -0.02817, 0.52630
0.77691, 0.10134, 0.11702, 0.63515, 0.07352, 0.02359, 1.01315, -0.01743, 0.05883, 0.64928, -0.15156, 0.06704, 0.91092, 0.11194, 0.54453, 0.46080, -0.04304, 0.52680, 1.01394, -0.06881, 0.49044, 0.49885, -0.23773, 0.51300, 0.57881, -0.12337, 0.55273, 0.87503, -0.02700, 0.54327
0.85015, 0.12289, 0.13862, 0.70284, 0.08737, -0.00740, 1.02390, -0.01466, 0.07219, 0.80987, -0.10285, 0.05311, 0.96305, 0.11542, 0.57177, 0.50915, -0.02795, 0.52616, 1.05778, -0.06627, 0.51200, 0.54306, -0.22314, 0.50921, 0.62384, -0.11184, 0.55543, 0.92250, -0.02330, 0.56326
0.96191, 0.14791, 0.17348, 0.70634, 0.08993, -0.02050, 1.06154, -0.00812, 0.10051, 0.88327, -0.06731, -0.00346, 1.01930, 0.12036, 0.61770, 0.56071, -0.01156, 0.52156, 1.10488, -0.06203, 0.54192, 0.58981, -0.20669, 0.49677, 0.67167, -0.10012, 0.55145, 0.97024, -0.01789, 0.58633
1.09230, 0.17247, 0.22460, 0.69959, 0.09486, -0.02868, 1.12865, 0.00220, 0.13560, 0.91121, -0.05608, -0.01573, 1.07343, 0.12178, 0.66921, 0.61688, 0.00585, 0.51045, 1.15557, -0.05681, 0.57737, 0.64205, -0.18905, 0.48016, 0.72428, -0.08656, 0.54166, 1.01871, -0.01127, 0.61074
1.21316, 0.13055, 0.33896, 0.70513, 0.09868, -0.03064, 1.21517, 0.02024, 0.18751, 0.90575, -0.05722, -0.01577, 1.14722, 0.12251, 0.71310, 0.67787, 0.02276, 0.49620, 1.21231, -0.05573, 0.61518, 0.70119, -0.17233, 0.46559, 0.78440, -0.07071, 0.52724, 1.06951, -0.00542, 0.63464
1.31075, 0.14292, 0.43688, 0.69673, 0.09739, -0.03139, 1.30340, 0.04460, 0.26656, 0.91842, -0.05703, -0.01737, 1.20188, 0.11199, 0.75636, 0.73974, 0.03344, 0.48989, 1.26978, -0.05613, 0.65800, 0.76954, -0.16015, 0.45565, 0.85092, -0.05612, 0.51568, 1.12225, -0.00041, 0.65789
1.39952, 0.16171, 0.53091, 0.69248, 0.09388, -0.02812, 1.39761, 0.06523, 0.36629, 0.91035, -0.05808, -0.02436, 1.26070, 0.10367, 0.79504, 0.80138, 0.03429, 0.50376, 1.32606, -0.05598, 0.70688, 0.84694, -0.15416, 0.45959, 0.91970, -0.04697, 0.52490, 1.18025, 0.00582, 0.68573
1.48253, 0.17679, 0.61502, 0.68702, 0.08533, -0.01645, 1.49710, 0.07185, 0.47619, 0.90227, -0.05886, -0.02905, 1.32576, 0.09898, 0.83035, 0.86710, 0.03764, 0.52525, 1.38413, -0.05056, 0.75480, 0.92019, -0.14741, 0.47545, 0.98875, -0.03925, 0.54365, 1.24170, 0.01127, 0.71670
1.56689, 0.18284, 0.68085, 0.69057, 0.08291, 0.01091, 1.59280, 0.06753, 0.58266, 0.88883, -0.05927, -0.03061, 1.39670, 0.09872, 0.86320, 0.93611, 0.04444, 0.55263, 1.44941, -0.04156, 0.79773, 0.99324, -0.13803, 0.49804, 1.05947, -0.03016, 0.56893, 1.30869, 0.01560, 0.74923
1.65081, 0.18452, 0.73230, 0.73007, 0.10019, 0.04854, 1.68216, 0.05993, 0.66886, 0.87060, -0.05980, -0.01498, 1.47288, 0.10293, 0.89150, 1.00435, 0.05127, 0.58733, 1.51985, -0.03428, 0.83193, 1.06209, -0.12998, 0.52940, 1.12780, -0.02339, 0.60267, 1.37833, 0.01961, 0.78262
1.73245, 0.19021, 0.76890, 0.82388, 0.10615, 0.07712, 1.76804, 0.05537, 0.72658, 0.87712, -0.05142, 0.01810, 1.55109, 0.11055, 0.91479, 1.06821, 0.05213, 0.62831, 1.59127, -0.03073, 0.85636, 1.12947, -0.12660, 0.56632, 1.19294, -0.02061, 0.64240, 1.44862, 0.02453, 0.81468
1.81281, 0.19680, 0.79376, 0.93416, 0.17641, 0.11031, 1.85077, 0.05771, 0.76713, 0.93484, -0.03977, 0.05383, 1.62731, 0.12072, 0.93272, 1.13019, 0.05354, 0.66839, 1.65908, -0.02826, 0.87518, 1.19283, -0.12515, 0.60767, 1.25533, -0.01833, 0.68339, 1.51857, 0.03105, 0.84258
1.89098, 0.20237, 0.81219, 1.03575, 0.20139, 0.14790, 1.92880, 0.05996, 0.79801, 1.01212, -0.01481, 0.08963, 1.69672, 0.13174, 0.94596, 1.18994, 0.05782, 0.70776, 1.72372, -0.02720, 0.89103, 1.24914, -0.12276, 0.64924, 1.31403, -0.01583, 0.72277, 1.58486, 0.03687, 0.86740
1.96587, 0.21101, 0.82444, 1.15998, 0.20567, 0.19141, 2.00134, 0.05882, 0.81970, 1.08101, 0.01650, 0.13687, 1.76167, 0.14350, 0.95761, 1.24877, 0.06601, 0.74738, 1.78825, -0.02284, 0.90300, 1.30063, -0.11697, 0.68936, 1.37072, -0.01153, 0.76020, 1.64942, 0.04308, 0.88836
2.03705, 0.22315, 0.82817, 1.26697, 0.18472, 0.24549, 2.07084, 0.06201, 0.83191, 1.16359, 0.04441, 0.18541, 1.82485, 0.15525, 0.96720, 1.30860, 0.07864, 0.78378, 1.85235, -0.01744, 0.91113, 1.35020, -0.10758, 0.72784, 1.42706, -0.00438, 0.79486, 1.71307, 0.04973, 0.90622
2.10643, 0.23826, 0.81885, 1.30731, 0.20439, 0.29564, 2.14025, 0.07054, 0.83519, 1.26608, 0.07202, 0.23147, 1.88837, 0.16525, 0.97499, 1.37034, 0.09300, 0.81430, 1.91664, -0.01156, 0.91700, 1.40126, -0.09658, 0.76289, 1.48463, 0.00433, 0.82547, 1.77690, 0.05639, 0.92054
2.17506, 0.24976, 0.80364, 1.41530, 0.20511, 0.35908, 2.20988, 0.08285, 0.82914, 1.37556, 0.09556, 0.29304, 1.95191, 0.17402, 0.98098, 1.43235, 0.10584, 0.84237, 1.98044, -0.00599, 0.92084, 1.45557, -0.08533, 0.79281, 1.54374, 0.01340, 0.85219, 1.84107, 0.06307, 0.93172
2.24131, 0.25573, 0.79170, 1.52335, 0.19819, 0.42534, 2.27756, 0.09854, 0.81283, 1.48574, 0.11339, 0.37415, 2.01610, 0.18283, 0.98426, 1.49468, 0.11772, 0.86659, 2.04583, 0.00061, 0.92349, 1.51286, -0.07420, 0.81787, 1.60434, 0.02307, 0.87461, 1.90554, 0.07014, 0.93990
2.30660, 0.25992, 0.77795, 1.62544, 0.18598, 0.49287, 2.34237, 0.11683, 0.78731, 1.59101, 0.13127, 0.47075, 2.08102, 0.19118, 0.98543, 1.55676, 0.12821, 0.88753, 2.11211, 0.00766, 0.92427, 1.57308, -0.06360, 0.83770, 1.66627, 0.03316, 0.89249, 1.97033, 0.07762, 0.94524
2.37124, 0.26347, 0.75782, 1.71819, 0.16997, 0.56044, 2.40929, 0.13179, 0.75508, 1.68883, 0.14432, 0.57700, 2.14650, 0.19925, 0.98442, 1.61942, 0.13765, 0.90469, 2.17852, 0.01459, 0.92304, 1.63524, -0.05415, 0.85464, 1.72933, 0.04297, 0.90721, 2.03562, 0.08512, 0.94779
2.43472, 0.26715, 0.72970, 1.79834, 0.17762, 0.62213, 2.48108, 0.14077, 0.72319, 1.77796, 0.14234, 0.63712, 2.21161, 0.20730, 0.98096, 1.68315, 0.14637, 0.91932, 2.24524, 0.02162, 0.91828, 1.69797, -0.04582, 0.87051, 1.79322, 0.05185, 0.91988, 2.10119, 0.09235, 0.94740
2.49706, 0.27097, 0.69650, 1.86609, 0.16674, 0.66998, 2.55338, 0.14728, 0.69070, 1.86550, 0.13229, 0.66095, 2.27570, 0.21584, 0.97435, 1.74772, 0.15430, 0.93392, 2.31207, 0.02887, 0.90960, 1.76078, -0.03846, 0.88691, 1.85775, 0.05978, 0.93158, 2.16681, 0.09910, 0.94415
2.55907, 0.27346, 0.66408, 1.93378, 0.17474, 0.69702, 2.62390, 0.15275, 0.65385, 1.95041, 0.11046, 0.67012, 2.33930, 0.22451, 0.96387, 1.81348, 0.16096, 0.95171, 2.37945, 0.03629, 0.89748, 1.82396, -0.03190, 0.90443, 1.92340, 0.06674, 0.94227, 2.23265, 0.10525, 0.93811
2.62202, 0.27434, 0.63293, 1.99233, 0.18696, 0.71008, 2.69101, 0.15699, 0.61217, 2.01697, 0.09696, 0.66438, 2.40235, 0.23341, 0.94912, 1.88305, 0.16831, 0.97070, 2.44717, 0.04347, 0.88305, 1.88803, -0.02420, 0.92116, 1.99100, 0.07314, 0.95230, 2.29928, 0.11097, 0.92951
2.68550, 0.27481, 0.59968, 2.04286, 0.19693, 0.71136, 2.75571, 0.15941, 0.56933, 2.06467, 0.09928, 0.66219, 2.46640, 0.24178, 0.93012, 1.95565, 0.17594, 0.98897, 2.51477, 0.05036, 0.86625, 1.95413, -0.01647, 0.93881, 2.06054, 0.07921, 0.96270, 2.36617, 0.11652, 0.91862
2.74917, 0.27499, 0.56418, 2.08421, 0.20911, 0.70008, 2.81827, 0.15992, 0.52574, 2.09792, 0.10800, 0.66153, 2.53160, 0.24921, 0.90803, 2.03094, 0.18448, 1.00303, 2.58238, 0.05740, 0.84664, 2.02216, -0.00843, 0.95562, 2.13175, 0.08559, 0.96978, 2.43318, 0.12216, 0.90459
2.81348, 0.27401, 0.52814, 2.11724, 0.21528, 0.68793, 2.87956, 0.15836, 0.48285, 2.10528, 0.12691, 0.66514, 2.59652, 0.25627, 0.88394, 2.10849, 0.19324, 1.01207, 2.64941, 0.06438, 0.82398, 2.09317, -0.00032, 0.96918, 2.20480, 0.09230, 0.97228, 2.50073, 0.12824, 0.88719
2.87850, 0.27187, 0.49307, 2.14859, 0.21722, 0.68169, 2.93906, 0.15649, 0.44089, 2.11150, 0.13256, 0.67853, 2.66226, 0.26307, 0.85773, 2.18782, 0.20188, 1.01605, 2.71560, 0.07078, 0.79814, 2.16686, 0.00795, 0.97744, 2.27944, 0.09918, 0.97015, 2.56882, 0.13454, 0.86641
2.94576, 0.26853, 0.45980, 2.17627, 0.21835, 0.67868, 2.99630, 0.15364, 0.39831, 2.13515, 0.13333, 0.68782, 2.72885, 0.26951, 0.82925, 2.26829, 0.21086, 1.01449, 2.78123, 0.07704, 0.76851, 2.24285, 0.01642, 0.98157, 2.35536, 0.10633, 0.96406, 2.63713, 0.14078, 0.84240
3.01562, 0.26456, 0.42659, 2.20486, 0.22333, 0.67729, 3.05160, 0.15070, 0.35556, 2.16720, 0.14114, 0.69269, 2.79639, 0.27536, 0.79802, 2.34894, 0.21994, 1.00716, 2.84631, 0.08264, 0.73567, 2.32066, 0.02483, 0.98130, 2.43197, 0.11368, 0.95364, 2.70543, 0.14685, 0.81506
3.08626, 0.26148, 0.39118, 2.23555, 0.22672, 0.67761, 3.10364, 0.14911, 0.31164, 2.20400, 0.15196, 0.69466, 2.86453, 0.28131, 0.76375, 2.42923, 0.22879, 0.99450, 2.91061, 0.08717, 0.70072, 2.39979, 0.03306, 0.97549, 2.50876, 0.12129, 0.93821, 2.77428, 0.15294, 0.78513
3.15540, 0.25971, 0.35287, 2.28080, 0.22143, 0.67818, 3.14752, 0.14765, 0.26390, 2.25434, 0.17002, 0.69302, 2.93350, 0.28746, 0.72716, 2.50896, 0.23774, 0.97755, 2.97413, 0.09088, 0.66471, 2.47962, 0.04149, 0.96475, 2.58529, 0.12944, 0.91843, 2.84321, 0.15947, 0.75277
3.22203, 0.25863, 0.31251, 2.34295, 0.22200, 0.66901, 3.18562, 0.14714, 0.21490, 2.31826, 0.18521, 0.68112, 3.00215, 0.29401, 0.68901, 2.58816, 0.24682, 0.95807, 3.03771, 0.09547, 0.62778, 2.55954, 0.05020, 0.95034, 2.66118, 0.13810, 0.89564, 2.91132, 0.16676, 0.71838
3.28554, 0.25814, 0.26992, 2.41219, 0.22460, 0.64852, 3.21824, 0.14548, 0.16459, 2.39290, 0.19251, 0.65652, 3.06906, 0.30035, 0.64931, 2.66528, 0.25516, 0.93616, 3.09987, 0.10055, 0.58816, 2.63873, 0.05814, 0.93202, 2.73580, 0.14669, 0.87050, 2.97802, 0.17419, 0.68211
3.34497, 0.25857, 0.22278, 2.48825, 0.22812, 0.61708, 3.24182, 0.14332, 0.11361, 2.46933, 0.18909, 0.62113, 3.13428, 0.30575, 0.60771, 2.73880, 0.26314, 0.91186, 3.15670, 0.10377, 0.54650, 2.71614, 0.06560, 0.90999, 2.80835, 0.15573, 0.84348, 3.04291, 0.18125, 0.64456
3.39935, 0.25955, 0.17075, 2.57034, 0.23362, 0.57478, 3.24107, 0.14472, 0.06555, 2.55536, 0.18356, 0.57844, 3.20006, 0.30941, 0.56359, 2.80910, 0.27049, 0.88660, 3.21153, 0.10429, 0.50729, 2.79118, 0.07247, 0.88438, 2.87859, 0.16517, 0.81499, 3.10641, 0.18751, 0.60695
3.44200, 0.25693, 0.11625, 2.65955, 0.24354, 0.52004, 3.22383, 0.15499, 0.04240, 2.64511, 0.17541, 0.52843, 3.26765, 0.31192, 0.52002, 2.87793, 0.27684, 0.86084, 3.27197, 0.10348, 0.47652, 2.86379, 0.07856, 0.85594, 2.94724, 0.17405, 0.78548, 3.17192, 0.19269, 0.57335
3.45608, 0.24849, 0.06508, 2.75456, 0.25819, 0.45692, 3.22318, 0.15215, 0.04154, 2.74128, 0.16572, 0.47056, 3.33391, 0.32071, 0.48519, 2.94450, 0.28292, 0.83296, 3.31944, 0.10952, 0.45186, 2.93402, 0.08450, 0.82517, 3.01513, 0.18259, 0.75554, 3.24079, 0.20392, 0.54512
3.46736, 0.23524, 0.03950, 2.85796, 0.27542, 0.38976, 3.21910, 0.13658, 0.04800, 2.84494, 0.15051, 0.40715, 3.40645, 0.32830, 0.46096, 3.00499, 0.29016, 0.80297, 3.36195, 0.12218, 0.43962, 2.99715, 0.09174, 0.79266, 3.08090, 0.19139, 0.72860, 3.30942, 0.21723, 0.52209
3.45626, 0.23137, 0.02797, 2.96760, 0.29440, 0.32145, 3.22671, 0.12360, 0.06396, 2.95433, 0.13223, 0.33757, 3.47036, 0.33523, 0.44427, 3.05418, 0.29762, 0.77401, 3.42190, 0.13073, 0.43603, 3.05078, 0.09921, 0.76125, 3.13890, 0.20083, 0.70689, 3.37539, 0.22740, 0.50937
3.45666, 0.23547, 0.03155, 3.07852, 0.30977, 0.25367, 3.24938, 0.11915, 0.08197, 3.06781, 0.11364, 0.26499, 3.51848, 0.34600, 0.43490, 3.08747, 0.30493, 0.74260, 3.48774, 0.13707, 0.43750, 3.09713, 0.10655, 0.73313, 3.18580, 0.21262, 0.68913, 3.43534, 0.23767, 0.50614
3.46022, 0.24187, 0.04120, 3.18689, 0.32497, 0.18588, 3.29017, 0.11899, 0.09887, 3.18075, 0.09866, 0.18782, 3.56689, 0.36093, 0.43540, 3.11962, 0.31304, 0.70968, 3.55730, 0.14862, 0.44246, 3.14024, 0.11533, 0.70457, 3.22831, 0.22540, 0.67024, 3.49339, 0.25133, 0.50902
3.46859, 0.24827, 0.05636, 3.29042, 0.33982, 0.12185, 3.35398, 0.12634, 0.10909, 3.28476, 0.09034, 0.10697, 3.62142, 0.37703, 0.44098, 3.15447, 0.31747, 0.67704, 3.62960, 0.16273, 0.45168, 3.18621, 0.12118, 0.67541, 3.27145, 0.23590, 0.65040, 3.55053, 0.26619, 0.51518
3.48964, 0.25697, 0.07597, 3.38573, 0.35315, 0.07466, 3.44061, 0.14508, 0.10125, 3.35370, 0.09382, 0.04724, 3.67956, 0.39441, 0.44955, 3.19424, 0.32371, 0.64435, 3.69715, 0.18030, 0.46110, 3.23282, 0.12871, 0.64967, 3.31600, 0.24604, 0.63057, 3.60621, 0.28156, 0.52285
3.53091, 0.26880, 0.09413, 3.47131, 0.37471, 0.05100, 3.55577, 0.18442, 0.08952, 3.41223, 0.10167, 0.01947, 3.73682, 0.41292, 0.46262, 3.23939, 0.33148, 0.61006, 3.76678, 0.20088, 0.47087, 3.28061, 0.13727, 0.62114, 3.36323, 0.25591, 0.60892, 3.66191, 0.29680, 0.53054
3.58758, 0.27924, 0.10472, 3.53822, 0.37458, 0.03188, 3.69798, 0.23153, 0.08615, 3.43212, 0.11301, -0.01628, 3.79039, 0.42946, 0.47592, 3.28968, 0.34082, 0.57524, 3.83574, 0.22141, 0.48211, 3.32944, 0.14649, 0.58912, 3.41298, 0.26505, 0.58550, 3.71717, 0.31023, 0.53636
3.66044, 0.29761, 0.10568, 3.57121, 0.36178, -0.00845, 3.85409, 0.28137, 0.10593, 3.44128, 0.10675, -0.02609, 3.84560, 0.44270, 0.48615, 3.34390, 0.35063, 0.54120, 3.90482, 0.23913, 0.49603, 3.37978, 0.15561, 0.55603, 3.46496, 0.27298, 0.56026, 3.77188, 0.32150, 0.53927
3.76127, 0.32518, 0.10234, 3.60543, 0.32096, -0.02312, 4.00514, 0.32128, 0.13919, 3.44249, 0.10154, -0.02578, 3.91024, 0.45962, 0.50244, 3.40125, 0.36167, 0.51502, 3.96932, 0.25512, 0.50903, 3.43159, 0.16563, 0.52869, 3.51938, 0.28073, 0.53835, 3.82654, 0.33259, 0.53982
3.89599, 0.35813, 0.09607, 3.60049, 0.30588, -0.02335, 4.13804, 0.34435, 0.17039, 3.44323, 0.09817, -0.02795, 3.97416, 0.47683, 0.52172, 3.45964, 0.37341, 0.50484, 4.03088, 0.27247, 0.51629, 3.48642, 0.17676, 0.51714, 3.57640, 0.29015, 0.52687, 3.88272, 0.34554, 0.53943
4.04162, 0.36763, 0.13022, 3.60094, 0.30531, -0.02674, 4.23246, 0.35740, 0.16918, 3.43073, 0.10141, -0.02351, 4.04589, 0.49278, 0.53487, 3.52138, 0.39067, 0.50071, 4.09146, 0.28976, 0.51767, 3.54288, 0.19414, 0.52204, 3.63626, 0.30516, 0.52397, 3.94216, 0.36049, 0.53823
4.16329, 0.40473, 0.16079, 3.58925, 0.30493, -0.02756, 4.31238, 0.37214, 0.13629, 3.42388, 0.10463, -0.01001, 4.10971, 0.50598, 0.54457, 3.58340, 0.40726, 0.50552, 4.14992, 0.30362, 0.51151, 3.60308, 0.21117, 0.53203, 3.69807, 0.32063, 0.52542, 4.00340, 0.37473, 0.53530
4.27537, 0.45502, 0.17016, 3.58056, 0.30348, -0.02160, 4.39799, 0.38061, 0.11456, 3.42926, 0.11057, 0.01752, 4.16738, 0.52107, 0.54904, 3.64704, 0.42357, 0.51764, 4.21144, 0.31966, 0.50047, 3.66886, 0.22804, 0.54647, 3.76296, 0.33752, 0.53201, 4.06838, 0.38963, 0.53099
4.37192, 0.50320, 0.16632, 3.57566, 0.30568, -0.00999, 4.44404, 0.38350, 0.08689, 3.45600, 0.12037, 0.04729, 4.22488, 0.53376, 0.54544, 3.71205, 0.43840, 0.53234, 4.27641, 0.33402, 0.48777, 3.73823, 0.24316, 0.55941, 3.82977, 0.35386, 0.53903, 4.13499, 0.40303, 0.52292
4.46269, 0.54272, 0.15356, 3.57895, 0.31531, 0.00726, 4.47051, 0.37770, 0.05530, 3.50007, 0.14930, 0.07275, 4.28518, 0.54832, 0.53248, 3.77778, 0.45199, 0.54673, 4.33720, 0.34671, 0.47361, 3.80968, 0.25723, 0.57103, 3.89745, 0.36997, 0.54584, 4.20167, 0.41795, 0.51408
4.55594, 0.57272, 0.14425, 3.59736, 0.33157, 0.02971, 4.49368, 0.38355, 0.03406, 3.56040, 0.19023, 0.09551, 4.35005, 0.56464, 0.51211, 3.84573, 0.46461, 0.55992, 4.40034, 0.36044, 0.45889, 3.88335, 0.27044, 0.58046, 3.96687, 0.38529, 0.55075, 4.26939, 0.43403, 0.50525
4.65123, 0.59800, 0.14254, 3.63897, 0.34476, 0.05501, 4.50219, 0.38226, 0.02301, 3.64192, 0.22991, 0.11252, 4.41835, 0.58415, 0.49076, 3.91574, 0.47695, 0.57217, 4.46559, 0.37698, 0.44996, 3.95776, 0.28321, 0.58767, 4.03716, 0.39975, 0.55356, 4.33745, 0.45311, 0.49937
4.74100, 0.62796, 0.13697, 3.70170, 0.36013, 0.07939, 4.49975, 0.38115, 0.02676, 3.74854, 0.27117, 0.11872, 4.48774, 0.60626, 0.47337, 3.98718, 0.48953, 0.58235, 4.52176, 0.39571, 0.44335, 4.03160, 0.29593, 0.59172, 4.10756, 0.41366, 0.55405, 4.40517, 0.47587, 0.49555
4.81605, 0.65135, 0.12159, 3.77443, 0.38859, 0.10191, 4.50280, 0.37629, 0.04214, 3.86788, 0.32081, 0.12560, 4.55776, 0.62934, 0.46504, 4.05735, 0.50266, 0.59085, 4.56651, 0.41735, 0.44168, 4.10207, 0.30892, 0.59349, 4.17626, 0.42757, 0.55517, 4.47020, 0.50040, 0.49198
4.87431, 0.66247, 0.10560, 3.86331, 0.42192, 0.11588, 4.51335, 0.36774, 0.06201, 3.98876, 0.37202, 0.13048, 4.62752, 0.64944, 0.46589, 4.12088, 0.51700, 0.59716, 4.61258, 0.43957, 0.44233, 4.16634, 0.32347, 0.59289, 4.23988, 0.44366, 0.55831, 4.53058, 0.52444, 0.48937
4.92146, 0.67114, 0.08626, 3.96514, 0.45415, 0.12554, 4.52794, 0.36425, 0.07683, 4.10920, 0.41963, 0.12386, 4.69415, 0.66599, 0.46404, 4.17476, 0.53086, 0.59862, 4.66165, 0.45837, 0.44924, 4.22476, 0.33855, 0.59097, 4.29637, 0.46116, 0.56117, 4.58593, 0.54551, 0.48885
4.93991, 0.67335, 0.05248, 4.07083, 0.48488, 0.13349, 4.55112, 0.37288, 0.09199, 4.23408, 0.45998, 0.10787, 4.75286, 0.68195, 0.45529, 4.22376, 0.54723, 0.59693, 4.71383, 0.47507, 0.45808, 4.27874, 0.35630, 0.58924, 4.34864, 0.48097, 0.56432, 4.63754, 0.56650, 0.48755
4.95864, 0.67533, 0.02996, 4.17640, 0.51585, 0.13577, 4.59837, 0.39822, 0.10805, 4.36229, 0.49280, 0.08798, 4.80623, 0.69978, 0.44325, 4.27227, 0.56499, 0.59315, 4.77236, 0.49206, 0.46553, 4.33133, 0.37525, 0.58626, 4.39978, 0.50150, 0.56562, 4.68703, 0.58935, 0.48398
4.97682, 0.67145, 0.02024, 4.27976, 0.54573, 0.13253, 4.69098, 0.42598, 0.10832, 4.48295, 0.52384, 0.06352, 4.84899, 0.72246, 0.43464, 4.32080, 0.58300, 0.58700, 4.82964, 0.51318, 0.46995, 4.38316, 0.39423, 0.58300, 4.45031, 0.52153, 0.56469, 4.73652, 0.61154, 0.48160
4.98805, 0.67023, 0.01354, 4.38234, 0.57849, 0.12147, 4.76843, 0.44924, 0.10471, 4.57625, 0.56080, 0.02977, 4.89231, 0.74302, 0.42911, 4.36849, 0.60293, 0.58004, 4.88627, 0.53372, 0.47456, 4.43127, 0.41427, 0.57888, 4.49877, 0.54162, 0.56229, 4.78567, 0.63164, 0.48223
4.99475, 0.67370, 0.01357, 4.48693, 0.61298, 0.10406, 4.84844, 0.48187, 0.10309, 4.64150, 0.58043, 0.00798, 4.93528, 0.76188, 0.42806, 4.41591, 0.62449, 0.57195, 4.94177, 0.55195, 0.47736, 4.47659, 0.43513, 0.57214, 4.54601, 0.56176, 0.55820, 4.83512, 0.64912, 0.48465
4.99132, 0.67876, 0.01750, 4.59495, 0.65163, 0.08561, 4.94148, 0.52409, 0.11025, 4.69905, 0.59215, -0.00294, 4.97479, 0.77814, 0.42885, 4.46265, 0.64645, 0.56226, 4.99695, 0.56884, 0.48157, 4.52003, 0.45607, 0.56133, 4.59215, 0.58169, 0.55304, 4.88444, 0.66451, 0.48877
4.98943, 0.68706, 0.02695, 4.70371, 0.69314, 0.06797, 5.04832, 0.56840, 0.12435, 4.73413, 0.60358, -0.01175, 5.01125, 0.79301, 0.43437, 4.50800, 0.66778, 0.54842, 5.04974, 0.58600, 0.48730, 4.56056, 0.47601, 0.54756, 4.63617, 0.59983, 0.54667, 4.93186, 0.67866, 0.49417
4.99133, 0.69491, 0.03928, 4.81099, 0.73682, 0.05188, 5.15358, 0.61170, 0.14009, 4.74236, 0.60692, -0.01844, 5.04532, 0.80908, 0.44508, 4.55201, 0.68727, 0.53281, 5.10064, 0.60490, 0.49111, 4.59803, 0.49384, 0.53018, 4.67765, 0.61488, 0.53777, 4.97644, 0.69178, 0.50050
4.99727, 0.70324, 0.05492, 4.90974, 0.77751, 0.03641, 5.24896, 0.65111, 0.15303, 4.74512, 0.60590, -0.01930, 5.07657, 0.82536, 0.46163, 4.59508, 0.70417, 0.52093, 5.15142, 0.62538, 0.49267, 4.63504, 0.50943, 0.51651, 4.71795, 0.62764, 0.53072, 5.01881, 0.70352, 0.50757
5.01540, 0.71504, 0.07410, 4.97862, 0.80938, 0.02228, 5.33190, 0.68799, 0.15919, 4.74292, 0.60545, -0.02341, 5.11224, 0.84208, 0.48107, 4.63724, 0.71978, 0.51599, 5.20180, 0.64613, 0.49255, 4.67166, 0.52404, 0.50975, 4.75753, 0.63955, 0.52796, 5.05985, 0.71358, 0.51514
5.05647, 0.73385, 0.09591, 5.01285, 0.82694, 0.01092, 5.40026, 0.72088, 0.15182, 4.73623, 0.60523, -0.02412, 5.15572, 0.85969, 0.50181, 4.68050, 0.73776, 0.51451, 5.25117, 0.66629, 0.49111, 4.70728, 0.54095, 0.50518, 4.79756, 0.65272, 0.52528, 5.10141, 0.72246, 0.52052
5.15301, 0.76140, 0.11646, 5.02199, 0.82504, -0.01347, 5.46125, 0.74291, 0.12462, 4.73801, 0.60674, -0.01640, 5.20121, 0.87546, 0.51752, 4.72397, 0.75645, 0.51386, 5.29776, 0.68608, 0.48774, 4.74353, 0.55888, 0.50270, 4.83800, 0.66718, 0.52266, 5.14302, 0.73193, 0.52311
5.23873, 0.78812, 0.13017, 5.05190, 0.82701, -0.01568, 5.51956, 0.76606, 0.10226, 4.77321, 0.60324, -0.00272, 5.24330, 0.88841, 0.52794, 4.76813, 0.77515, 0.51250, 5.34284, 0.70579, 0.48102, 4.78097, 0.57694, 0.50314, 4.87921, 0.68220, 0.52095, 5.18504, 0.74234, 0.52276
5.33318, 0.81900, 0.15293, 5.06053, 0.81532, -0.01912, 5.56565, 0.80261, 0.08821, 4.83892, 0.59856, 0.00799, 5.28603, 0.90032, 0.53307, 4.81204, 0.79358, 0.50871, 5.38705, 0.72473, 0.47166, 4.81908, 0.59488, 0.50630, 4.92055, 0.69782, 0.51881, 5.22700, 0.75356, 0.51864
5.42574, 0.86154, 0.17972, 5.06093, 0.80995, -0.02125, 5.58834, 0.82678, 0.06334, 4.91633, 0.59738, 0.01228, 5.32933, 0.91158, 0.53304, 4.85439, 0.81078, 0.50526, 5.43062, 0.74196, 0.46138, 4.85895, 0.61207, 0.51103, 4.96188, 0.71412, 0.51752, 5.26876, 0.76616, 0.51252
5.48898, 0.90912, 0.17117, 5.05741, 0.80733, -0.02653, 5.60611, 0.85259, 0.04124, 4.99538, 0.60729, 0.01918, 5.37151, 0.92225, 0.52940, 4.89594, 0.82718, 0.50378, 5.47198, 0.75705, 0.44726, 4.90096, 0.62883, 0.51695, 5.00374, 0.73121, 0.51862, 5.31083, 0.78034, 0.50544
5.55727, 0.94599, 0.14358, 5.05001, 0.80594, -0.02780, 5.62757, 0.87085, 0.03182, 5.07222, 0.62455, 0.02732, 5.40689, 0.93445, 0.51577, 4.93686, 0.84028, 0.50579, 5.51179, 0.76896, 0.43645, 4.94440, 0.64243, 0.52417, 5.04591, 0.74608, 0.52263, 5.35261, 0.79384, 0.49903
5.63215, 0.97940, 0.12305, 5.04269, 0.80730, -0.02604, 5.65100, 0.88515, 0.03138, 5.14844, 0.64480, 0.03195, 5.44394, 0.94865, 0.49460, 4.97664, 0.84956, 0.51132, 5.54752, 0.77423, 0.42937, 4.98890, 0.65214, 0.53165, 5.08799, 0.75805, 0.52797, 5.39325, 0.80840, 0.49303
5.68791, 1.01223, 0.08548, 5.04335, 0.81013, -0.01909, 5.67329, 0.89387, 0.03333, 5.22555, 0.66644, 0.03335, 5.48920, 0.96457, 0.47252, 5.01587, 0.85797, 0.52017, 5.57741, 0.77453, 0.42540, 5.03309, 0.66068, 0.53804, 5.12959, 0.76894, 0.53395, 5.43230, 0.82483, 0.48700
5.71156, 1.03263, 0.05769, 5.05339, 0.81423, -0.01221, 5.69369, 0.90181, 0.03560, 5.29901, 0.69204, 0.02898, 5.53824, 0.97855, 0.46262, 5.05565, 0.86691, 0.53119, 5.60326, 0.77573, 0.42315, 5.07649, 0.66950, 0.54266, 5.17111, 0.77942, 0.53914, 5.47047, 0.84200, 0.48054
5.73943, 1.05212, 0.05067, 5.06095, 0.81274, -0.00506, 5.71369, 0.90853, 0.03552, 5.36126, 0.72461, 0.02056, 5.58368, 0.99258, 0.45970, 5.09478, 0.87588, 0.54185, 5.62863, 0.78415, 0.42031, 5.11810, 0.67844, 0.54560, 5.21137, 0.78955, 0.54349, 5.50748, 0.85862, 0.47612
5.76482, 1.06210, 0.04337, 5.06640, 0.81691, 0.00453, 5.73924, 0.91856, 0.03821, 5.40576, 0.75786, 0.01587, 5.62101, 1.00395, 0.45577, 5.13151, 0.88532, 0.55049, 5.65654, 0.79437, 0.41672, 5.15625, 0.68805, 0.54710, 5.24871, 0.79986, 0.54739, 5.54263, 0.87162, 0.47333
