4.56203, -1.20999, 0.05492, 4.62760, -1.18872, 0.02420, 4.40613, -1.04623, 0.02576, 4.67777, -0.96006, 0.03839, 4.30592, -1.17917, 0.47297, 4.78731, -1.13963, 0.53453, 4.27260, -0.97313, 0.42573, 4.82200, -0.94433, 0.52068, 4.70275, -1.02246, 0.54755, 4.39952, -1.05282, 0.48672
4.41506, -1.21324, 0.04046, 4.54018, -1.17826, 0.00277, 4.40191, -1.04649, 0.02510, 4.50298, -0.96523, 0.02967, 4.24006, -1.16936, 0.48288, 4.72580, -1.14286, 0.52704, 4.21379, -0.96607, 0.42625, 4.76572, -0.94908, 0.50711, 4.64623, -1.02271, 0.54386, 4.34209, -1.04674, 0.48732
4.25459, -1.21366, 0.03233, 4.51189, -1.17319, -0.02007, 4.39479, -1.04459, 0.02776, 4.38165, -0.97860, 0.01334, 4.17066, -1.15977, 0.49145, 4.66460, -1.14308, 0.51955, 4.15002, -0.95807, 0.43111, 4.70398, -0.95020, 0.49147, 4.58580, -1.02224, 0.53499, 4.27960, -1.04146, 0.48898
4.09238, -1.20741, 0.04275, 4.50766, -1.16866, -0.03429, 4.36621, -1.04286, 0.04013, 4.32520, -0.99434, -0.00655, 4.10092, -1.15269, 0.50065, 4.60167, -1.14174, 0.51054, 4.08129, -0.95075, 0.44375, 4.63889, -0.94926, 0.47730, 4.52156, -1.02141, 0.52287, 4.21296, -1.03806, 0.49125
3.93657, -1.19583, 0.06176, 4.50752, -1.16888, -0.03437, 4.27617, -1.03939, 0.07665, 4.31640, -1.00041, -0.02046, 4.02754, -1.14829, 0.51023, 4.53490, -1.14172, 0.49816, 4.01356, -0.94394, 0.45485, 4.57056, -0.94794, 0.47138, 4.45224, -1.02298, 0.50902, 4.14154, -1.03687, 0.49393
3.79478, -1.17994, 0.08826, 4.51449, -1.17206, -0.03229, 4.13529, -1.03465, 0.09322, 4.32793, -1.00109, -0.02265, 3.95036, -1.14316, 0.52180, 4.46593, -1.14265, 0.48589, 3.94085, -0.93779, 0.47388, 4.49711, -0.94707, 0.46803, 4.37862, -1.02700, 0.49301, 4.06700, -1.03667, 0.49643
3.66163, -1.16014, 0.11230, 4.52756, -1.17209, -0.03169, 3.97490, -1.02753, 0.11309, 4.33608, -1.00121, -0.02359, 3.87484, -1.13646, 0.53480, 4.39304, -1.14294, 0.47692, 3.86620, -0.93259, 0.49667, 4.41876, -0.94614, 0.46477, 4.30144, -1.03044, 0.47814, 3.99075, -1.03587, 0.49957
3.54788, -1.13999, 0.13371, 4.55030, -1.17292, -0.02366, 3.81866, -1.01378, 0.13680, 4.33949, -0.99953, -0.02633, 3.79871, -1.13206, 0.54169, 4.31623, -1.14134, 0.47308, 3.78845, -0.93074, 0.52122, 4.33797, -0.94396, 0.46269, 4.22210, -1.03100, 0.46946, 3.91328, -1.03315, 0.50529
3.44515, -1.11936, 0.13341, 4.56707, -1.17233, 0.00331, 3.68038, -0.99677, 0.16070, 4.34934, -0.99951, -0.03103, 3.72021, -1.12962, 0.54202, 4.23598, -1.13761, 0.47439, 3.70989, -0.92931, 0.54083, 4.25610, -0.94009, 0.46349, 4.14092, -1.02822, 0.46760, 3.83376, -1.02826, 0.51266
3.36080, -1.09630, 0.11402, 4.54657, -1.17145, 0.04405, 3.55176, -0.98159, 0.17726, 4.37197, -1.00395, -0.02804, 3.63494, -1.12725, 0.53728, 4.15427, -1.13225, 0.48005, 3.62955, -0.92617, 0.55315, 4.17315, -0.93469, 0.46782, 4.05854, -1.02357, 0.47157, 3.75210, -1.02284, 0.52098
3.31111, -1.07549, 0.08264, 4.48374, -1.17427, 0.08093, 3.41437, -0.97105, 0.18046, 4.38110, -1.00578, -0.00937, 3.54499, -1.12245, 0.53319, 4.07195, -1.12462, 0.49148, 3.54765, -0.91919, 0.55613, 4.08903, -0.92714, 0.47562, 3.97524, -1.01699, 0.48085, 3.66839, -1.01798, 0.52910
3.30063, -1.05715, 0.04901, 4.38999, -1.17641, 0.10758, 3.27110, -0.96797, 0.17216, 4.36179, -1.00657, 0.02621, 3.45544, -1.11670, 0.52874, 3.99012, -1.11505, 0.50690, 3.46426, -0.91053, 0.55068, 4.00422, -0.91771, 0.48695, 3.89179, -1.00909, 0.49459, 3.58358, -1.01387, 0.53551
3.31347, -1.04189, 0.02978, 4.27550, -1.18006, 0.11090, 3.12667, -0.96588, 0.16139, 4.29113, -0.99922, 0.04941, 3.36707, -1.11114, 0.52083, 3.90900, -1.10580, 0.52176, 3.37787, -0.90366, 0.53881, 3.91926, -0.90820, 0.50215, 3.80861, -1.00156, 0.51162, 3.49857, -1.00858, 0.53864
3.33013, -1.03212, 0.02473, 4.13132, -1.18365, 0.08837, 3.01699, -0.96426, 0.14210, 4.18589, -0.99202, 0.06159, 3.28699, -1.10886, 0.50792, 3.82744, -1.09994, 0.53413, 3.28849, -0.90039, 0.52138, 3.83524, -0.90170, 0.52070, 3.72579, -0.99651, 0.52984, 3.41442, -1.00228, 0.53764
3.33305, -1.03106, 0.02591, 3.96188, -1.18521, 0.06840, 2.93549, -0.96130, 0.11195, 4.04566, -0.98247, 0.06643, 3.21821, -1.10630, 0.49653, 3.74341, -1.10052, 0.54303, 3.20044, -0.89780, 0.50153, 3.75483, -0.90200, 0.54174, 3.64375, -0.99517, 0.54728, 3.33227, -0.99425, 0.53591
3.32849, -1.03536, 0.03060, 3.78685, -1.18316, 0.06184, 2.90383, -0.95921, 0.07078, 3.87972, -0.96209, 0.06294, 3.15030, -1.10055, 0.48973, 3.65673, -1.10602, 0.54931, 3.11631, -0.89498, 0.48635, 3.67687, -0.90844, 0.55900, 3.56193, -0.99692, 0.56186, 3.25158, -0.98605, 0.53383
3.31566, -1.03946, 0.04116, 3.61545, -1.17577, 0.05805, 2.90585, -0.95673, 0.03663, 3.69039, -0.93583, 0.05260, 3.07663, -1.09292, 0.48573, 3.56810, -1.11338, 0.55115, 3.03747, -0.88857, 0.47571, 3.59898, -0.91772, 0.56857, 3.47967, -1.00022, 0.57173, 3.17123, -0.97899, 0.53134
3.28417, -1.04332, 0.05559, 3.44523, -1.16189, 0.05206, 2.91932, -0.95512, 0.02098, 3.48442, -0.91206, 0.03832, 3.00104, -1.08267, 0.47958, 3.48014, -1.11806, 0.54860, 2.96591, -0.87683, 0.46623, 3.52000, -0.92444, 0.57007, 3.39772, -1.00217, 0.57735, 3.09159, -0.97206, 0.52813
3.22472, -1.04652, 0.06619, 3.27636, -1.14550, 0.05010, 2.92396, -0.95257, 0.02216, 3.28347, -0.89270, 0.03122, 2.92381, -1.07142, 0.47394, 3.39456, -1.11745, 0.54547, 2.90064, -0.86359, 0.45664, 3.44022, -0.92489, 0.56478, 3.31688, -0.99980, 0.57975, 3.01284, -0.96496, 0.52497
3.13366, -1.04618, 0.07394, 3.11259, -1.12761, 0.05115, 2.91965, -0.95182, 0.02334, 3.10500, -0.89066, 0.02704, 2.83721, -1.06290, 0.47905, 3.31217, -1.11137, 0.54398, 2.83406, -0.85219, 0.45274, 3.35863, -0.91822, 0.55252, 3.23698, -0.99250, 0.57956, 2.93419, -0.95752, 0.52346
2.99893, -1.04109, 0.08257, 2.96423, -1.10971, 0.05028, 2.91049, -0.95304, 0.02470, 2.95575, -0.90035, 0.02379, 2.74646, -1.05491, 0.49350, 3.23221, -1.10052, 0.54338, 2.75723, -0.84425, 0.45351, 3.27449, -0.90634, 0.53645, 3.15709, -0.98113, 0.57736, 2.85438, -0.94981, 0.52402
2.83771, -1.02968, 0.08932, 2.84335, -1.08934, 0.04629, 2.89393, -0.95528, 0.03024, 2.86512, -0.91566, 0.01190, 2.65509, -1.04563, 0.50913, 3.15126, -1.08776, 0.54172, 2.67340, -0.83753, 0.45659, 3.19038, -0.89380, 0.52208, 3.07562, -0.96757, 0.57142, 2.77147, -0.94188, 0.52564
2.66955, -1.01608, 0.09343, 2.75113, -1.07091, 0.03349, 2.85063, -0.96065, 0.05620, 2.81741, -0.92371, -0.00818, 2.56052, -1.03482, 0.52157, 3.06964, -1.07428, 0.53818, 2.58498, -0.83052, 0.46008, 3.10742, -0.88112, 0.50982, 2.99284, -0.95345, 0.56167, 2.68624, -0.93343, 0.52685
2.49571, -0.99990, 0.09442, 2.69585, -1.05983, 0.00933, 2.75055, -0.96810, 0.06859, 2.80556, -0.92675, -0.02154, 2.46768, -1.02313, 0.53136, 2.98705, -1.06158, 0.53320, 2.49407, -0.82089, 0.46681, 3.02383, -0.86928, 0.49843, 2.90817, -0.94083, 0.54896, 2.59916, -0.92459, 0.52740
2.32236, -0.98442, 0.09962, 2.67108, -1.03959, -0.01669, 2.60846, -0.96743, 0.12188, 2.81158, -0.92568, -0.02651, 2.37811, -1.01304, 0.54023, 2.90098, -1.05066, 0.52756, 2.39820, -0.80983, 0.47791, 2.93748, -0.85890, 0.48968, 2.81988, -0.93060, 0.53526, 2.50913, -0.91596, 0.52742
2.15617, -0.96905, 0.11409, 2.66005, -1.02970, -0.02795, 2.44665, -0.95794, 0.14742, 2.81944, -0.92476, -0.02931, 2.28691, -1.00488, 0.54756, 2.81055, -1.04160, 0.52040, 2.30287, -0.79934, 0.49479, 2.84807, -0.85000, 0.48272, 2.72782, -0.92242, 0.51940, 2.41650, -0.90856, 0.52721
1.99274, -0.95287, 0.13506, 2.66523, -1.02982, -0.03126, 2.27885, -0.93838, 0.16086, 2.83005, -0.92692, -0.03007, 2.19440, -0.99735, 0.55268, 2.71656, -1.03443, 0.51437, 2.20702, -0.79076, 0.51466, 2.75494, -0.84203, 0.48202, 2.63286, -0.91612, 0.50763, 2.32214, -0.90202, 0.52715
1.84816, -0.94233, 0.15685, 2.67776, -1.03282, -0.02943, 2.10980, -0.91182, 0.16730, 2.84273, -0.92988, -0.02426, 2.09914, -0.99150, 0.55238, 2.61996, -1.02875, 0.50969, 2.11211, -0.78484, 0.53378, 2.65764, -0.83459, 0.48911, 2.53513, -0.91134, 0.50138, 2.22549, -0.89650, 0.52812
1.71577, -0.93068, 0.16285, 2.69378, -1.03457, -0.02270, 1.94207, -0.87739, 0.17204, 2.83572, -0.92689, 0.00113, 1.99932, -0.98662, 0.54794, 2.52068, -1.02209, 0.50970, 2.01639, -0.77979, 0.54801, 2.55508, -0.82643, 0.50122, 2.43385, -0.90614, 0.50172, 2.12486, -0.89221, 0.53244
1.60524, -0.91906, 0.14079, 2.69257, -1.03672, -0.00020, 1.77932, -0.84564, 0.17709, 2.78878, -0.91459, 0.03547, 1.89295, -0.97931, 0.53950, 2.42215, -1.01302, 0.51831, 1.91912, -0.77268, 0.55462, 2.45165, -0.81645, 0.51304, 2.33262, -0.89928, 0.50854, 2.02311, -0.88765, 0.53495
1.52751, -0.90830, 0.10026, 2.65303, -1.04074, 0.03400, 1.61917, -0.81989, 0.17703, 2.71616, -0.90493, 0.07129, 1.78381, -0.96964, 0.53064, 2.32285, -1.00174, 0.53319, 1.81940, -0.76299, 0.55150, 2.34803, -0.80466, 0.52512, 2.23106, -0.89027, 0.51911, 1.92087, -0.88090, 0.53705
1.47837, -0.89817, 0.05751, 2.57586, -1.04103, 0.06572, 1.46612, -0.79906, 0.17560, 2.62057, -0.89658, 0.10123, 1.67669, -0.95825, 0.51884, 2.22344, -0.98948, 0.54911, 1.71827, -0.75178, 0.53940, 2.24584, -0.79220, 0.53830, 2.13039, -0.87972, 0.53059, 1.81974, -0.87176, 0.53680
1.46036, -0.88976, 0.02678, 2.47497, -1.03558, 0.08831, 1.32589, -0.78104, 0.16662, 2.49973, -0.88523, 0.11304, 1.57556, -0.94846, 0.50604, 2.12452, -0.97737, 0.56247, 1.61475, -0.74237, 0.52416, 2.14408, -0.77981, 0.55119, 2.03021, -0.86917, 0.54127, 1.71965, -0.86144, 0.53297
1.45757, -0.88528, 0.01580, 2.35711, -1.02257, 0.10286, 1.20280, -0.76815, 0.14533, 2.35722, -0.86126, 0.10661, 1.47646, -0.93754, 0.49420, 2.02619, -0.96704, 0.57244, 1.51227, -0.73228, 0.50339, 2.04251, -0.76908, 0.56313, 1.93033, -0.86027, 0.55092, 1.62050, -0.85007, 0.52819
1.46099, -0.88516, 0.01841, 2.21647, -1.00416, 0.09937, 1.09977, -0.76021, 0.11118, 2.18455, -0.83022, 0.08986, 1.38163, -0.92709, 0.48185, 1.92765, -0.95928, 0.57916, 1.40964, -0.72338, 0.48210, 1.94177, -0.76098, 0.57497, 1.83074, -0.85309, 0.55960, 1.52212, -0.83872, 0.52394
1.45987, -0.88923, 0.02539, 2.05327, -0.98561, 0.08831, 1.02028, -0.75420, 0.07059, 1.99889, -0.80229, 0.07604, 1.29702, -0.92022, 0.47696, 1.82849, -0.95415, 0.58099, 1.30706, -0.71506, 0.46852, 1.84429, -0.75596, 0.58395, 1.73236, -0.84652, 0.56607, 1.42492, -0.82645, 0.52186
1.45376, -0.89417, 0.03804, 1.87705, -0.97106, 0.08329, 0.97368, -0.75206, 0.03725, 1.81206, -0.77539, 0.06028, 1.21823, -0.91220, 0.48230, 1.73027, -0.94918, 0.57863, 1.20966, -0.70495, 0.46085, 1.75026, -0.75161, 0.58881, 1.63603, -0.83917, 0.57048, 1.32960, -0.81248, 0.52116
1.42152, -0.89593, 0.05708, 1.71142, -0.95659, 0.08831, 0.95226, -0.75116, 0.02095, 1.62071, -0.74961, 0.04600, 1.13842, -0.89952, 0.48448, 1.63469, -0.94144, 0.57226, 1.11706, -0.69312, 0.45746, 1.65807, -0.74464, 0.58856, 1.54181, -0.82998, 0.57270, 1.23619, -0.79742, 0.52094
1.35782, -0.89430, 0.07538, 1.55230, -0.93902, 0.09237, 0.94989, -0.75162, 0.02138, 1.43042, -0.72591, 0.03560, 1.05619, -0.88401, 0.48528, 1.54069, -0.93120, 0.56446, 1.02745, -0.67956, 0.45718, 1.56707, -0.73510, 0.58411, 1.44918, -0.81895, 0.57314, 1.14412, -0.78199, 0.52131
1.25916, -0.88557, 0.08433, 1.39382, -0.91907, 0.09565, 0.95190, -0.75214, 0.02270, 1.25588, -0.70883, 0.02455, 0.96416, -0.87113, 0.49242, 1.44736, -0.91948, 0.55798, 0.94444, -0.66586, 0.45515, 1.47720, -0.72357, 0.57436, 1.35792, -0.80613, 0.57218, 1.05275, -0.76814, 0.52336
1.11591, -0.86770, 0.08969, 1.23410, -0.89808, 0.09918, 0.94978, -0.75187, 0.02295, 1.10454, -0.70123, 0.01857, 0.86268, -0.86094, 0.50899, 1.35549, -0.90646, 0.55304, 0.86769, -0.65375, 0.45840, 1.38765, -0.71034, 0.55955, 1.26798, -0.79184, 0.56891, 0.96174, -0.75635, 0.52792
0.94452, -0.84526, 0.09519, 1.07313, -0.87525, 0.09987, 0.94059, -0.74824, 0.02627, 0.98787, -0.70065, 0.01254, 0.76222, -0.84946, 0.52777, 1.26429, -0.89257, 0.54845, 0.78334, -0.64371, 0.46837, 1.29827, -0.69670, 0.54398, 1.17866, -0.77644, 0.56360, 0.87068, -0.74565, 0.53503
0.77258, -0.82214, 0.09621, 0.91523, -0.84843, 0.09327, 0.91860, -0.74273, 0.04184, 0.92006, -0.69894, -0.00277, 0.66252, -0.83655, 0.54649, 1.17265, -0.87817, 0.54368, 0.69315, -0.63311, 0.48012, 1.20933, -0.68314, 0.53103, 1.08918, -0.76024, 0.55689, 0.77960, -0.73495, 0.54249
0.59833, -0.80036, 0.09679, 0.76852, -0.81729, 0.07158, 0.85248, -0.72716, 0.07449, 0.89126, -0.69037, -0.01521, 0.56585, -0.82332, 0.56287, 1.08108, -0.86331, 0.53978, 0.60078, -0.62210, 0.49043, 1.11910, -0.66931, 0.51840, 0.99873, -0.74424, 0.54916, 0.68825, -0.72425, 0.54774
0.42503, -0.77905, 0.10095, 0.64862, -0.78529, 0.04125, 0.73823, -0.70981, 0.10533, 0.89196, -0.68623, -0.02236, 0.47100, -0.80981, 0.57514, 0.98843, -0.84870, 0.53387, 0.50284, -0.60807, 0.50267, 1.02793, -0.65547, 0.50855, 0.90693, -0.72885, 0.54052, 0.59612, -0.71291, 0.55027
0.25985, -0.75980, 0.11771, 0.57427, -0.77116, 0.00946, 0.58697, -0.69378, 0.13732, 0.90697, -0.68711, -0.02835, 0.37708, -0.79686, 0.58189, 0.89407, -0.83479, 0.52696, 0.40051, -0.59294, 0.51716, 0.93655, -0.64203, 0.50289, 0.81387, -0.71397, 0.53161, 0.50322, -0.70071, 0.55143
0.10179, -0.74220, 0.13831, 0.53145, -0.75202, -0.01378, 0.41899, -0.67445, 0.16110, 0.91957, -0.69050, -0.02692, 0.28307, -0.78598, 0.58327, 0.79922, -0.82104, 0.52314, 0.29858, -0.57995, 0.53380, 0.84355, -0.62849, 0.50088, 0.71947, -0.69986, 0.52453, 0.40926, -0.68849, 0.55180
-0.04896, -0.72760, 0.15588, 0.51907, -0.73139, -0.02581, 0.25202, -0.65268, 0.17455, 0.92608, -0.69435, -0.01562, 0.18797, -0.77762, 0.57869, 0.70278, -0.80814, 0.52160, 0.19854, -0.56988, 0.55003, 0.74826, -0.61522, 0.50566, 0.62302, -0.68695, 0.52049, 0.31343, -0.67708, 0.55178
-0.19240, -0.71646, 0.16581, 0.52333, -0.72806, -0.02519, 0.08909, -0.63079, 0.18344, 0.90400, -0.69562, 0.00719, 0.08939, -0.77013, 0.56945, 0.60429, -0.79610, 0.52398, 0.09918, -0.56132, 0.56088, 0.64912, -0.60248, 0.51754, 0.52377, -0.67544, 0.52145, 0.21471, -0.66706, 0.55212
-0.32578, -0.69954, 0.16783, 0.53320, -0.72997, -0.02291, -0.07402, -0.60832, 0.19019, 0.84951, -0.68868, 0.03636, -0.01445, -0.76138, 0.55598, 0.50392, -0.78501, 0.53090, 0.00004, -0.55241, 0.56606, 0.54503, -0.59046, 0.53097, 0.42125, -0.66592, 0.52529, 0.11262, -0.65885, 0.55132
-0.44112, -0.67769, 0.15484, 0.54668, -0.73197, -0.01863, -0.24027, -0.58279, 0.19380, 0.77469, -0.68000, 0.07248, -0.12477, -0.75033, 0.54230, 0.40196, -0.77478, 0.53947, -0.09992, -0.54214, 0.56553, 0.43650, -0.57898, 0.54221, 0.31582, -0.65848, 0.52934, 0.00720, -0.65260, 0.54921
-0.52962, -0.65219, 0.12328, 0.54365, -0.73745, 0.00485, -0.40619, -0.55702, 0.19161, 0.67989, -0.67020, 0.10960, -0.23676, -0.73813, 0.53012, 0.29990, -0.76394, 0.54988, -0.20028, -0.53069, 0.55869, 0.32528, -0.56674, 0.55241, 0.20903, -0.65181, 0.53515, -0.10030, -0.64577, 0.54566
-0.59366, -0.62136, 0.08310, 0.50143, -0.74350, 0.04112, -0.56829, -0.53194, 0.18591, 0.56521, -0.65018, 0.13670, -0.34655, -0.72569, 0.51731, 0.19753, -0.75216, 0.56182, -0.30184, -0.51872, 0.54362, 0.21467, -0.55406, 0.56280, 0.10270, -0.64406, 0.54255, -0.20720, -0.63736, 0.53984
-0.63642, -0.59273, 0.04510, 0.42589, -0.74153, 0.07492, -0.71556, -0.50953, 0.17812, 0.42404, -0.63001, 0.14486, -0.45298, -0.71214, 0.50442, 0.09556, -0.73932, 0.57180, -0.40587, -0.50544, 0.52265, 0.10578, -0.54074, 0.57279, -0.00251, -0.63461, 0.55017, -0.31224, -0.62608, 0.53220
-0.66169, -0.57626, 0.02095, 0.31750, -0.73604, 0.09251, -0.84501, -0.48669, 0.15390, 0.25825, -0.60393, 0.13776, -0.55540, -0.69828, 0.49269, -0.00573, -0.72604, 0.57869, -0.51349, -0.49159, 0.49891, -0.00211, -0.52725, 0.58118, -0.10687, -0.62447, 0.55626, -0.41533, -0.61156, 0.52308
-0.67112, -0.56946, 0.01247, 0.18133, -0.73096, 0.09607, -0.95052, -0.46874, 0.11146, 0.08399, -0.57549, 0.12642, -0.65120, -0.68557, 0.48100, -0.10635, -0.71285, 0.58190, -0.62472, -0.47947, 0.47749, -0.10833, -0.51410, 0.58755, -0.21027, -0.61382, 0.56086, -0.51666, -0.59485, 0.51467
-0.67412, -0.56966, 0.01640, 0.01799, -0.72164, 0.09563, -1.02920, -0.45331, 0.06522, -0.09083, -0.54909, 0.11119, -0.73829, -0.67474, 0.47152, -0.20594, -0.70008, 0.58154, -0.73279, -0.46904, 0.46094, -0.21271, -0.50159, 0.59137, -0.31253, -0.60324, 0.56393, -0.61692, -0.57892, 0.50837
-0.67727, -0.57552, 0.02176, -0.16065, -0.71279, 0.09699, -1.08926, -0.43963, 0.03086, -0.26667, -0.52156, 0.09438, -0.82468, -0.66386, 0.46976, -0.30435, -0.68728, 0.57796, -0.83454, -0.45757, 0.44863, -0.31488, -0.48924, 0.59235, -0.41340, -0.59237, 0.56575, -0.71641, -0.56472, 0.50394
-0.68991, -0.58534, 0.03345, -0.33580, -0.70391, 0.09432, -1.13404, -0.42919, 0.01564, -0.44202, -0.48878, 0.07724, -0.91366, -0.65226, 0.47333, -0.40093, -0.67385, 0.57133, -0.92891, -0.44468, 0.44094, -0.41289, -0.47626, 0.59011, -0.51159, -0.58012, 0.56731, -0.81389, -0.55159, 0.50154
-0.72443, -0.59167, 0.05633, -0.50994, -0.69143, 0.08597, -1.16863, -0.42002, 0.01686, -0.61405, -0.44934, 0.06130, -1.00573, -0.64110, 0.47792, -0.49519, -0.66026, 0.56306, -1.01762, -0.43376, 0.43501, -0.50567, -0.46283, 0.58428, -0.60585, -0.56659, 0.56857, -0.90829, -0.53916, 0.50221
-0.79508, -0.58841, 0.08893, -0.68390, -0.67916, 0.07875, -1.18707, -0.41313, 0.01769, -0.77865, -0.42027, 0.04015, -1.09447, -0.63198, 0.48826, -0.58691, -0.64721, 0.55690, -1.09765, -0.42663, 0.43284, -0.59328, -0.44936, 0.57573, -0.69565, -0.55195, 0.56914, -0.99925, -0.52880, 0.50592
-0.90274, -0.57448, 0.11591, -0.85721, -0.66582, 0.07378, -1.19093, -0.40985, 0.01739, -0.92481, -0.40860, 0.01704, -1.18392, -0.62479, 0.50210, -0.67634, -0.63416, 0.55284, -1.17698, -0.42189, 0.44029, -0.67828, -0.43562, 0.56371, -0.78252, -0.53644, 0.56793, -1.08853, -0.52055, 0.51379
-1.04378, -0.55444, 0.13385, -1.02657, -0.64643, 0.06846, -1.18855, -0.40822, 0.02275, -1.04205, -0.39533, 0.00400, -1.27644, -0.62098, 0.52062, -0.76427, -0.62121, 0.54915, -1.25765, -0.41892, 0.45798, -0.76239, -0.42238, 0.54866, -0.86795, -0.52077, 0.56371, -1.17690, -0.51511, 0.52569
-1.20940, -0.53466, 0.14133, -1.17262, -0.62028, 0.05716, -1.19781, -0.40613, 0.03413, -1.11907, -0.38880, -0.00961, -1.36773, -0.61832, 0.54368, -0.85191, -0.60943, 0.54245, -1.34313, -0.41552, 0.48160, -0.84603, -0.41088, 0.53322, -0.95300, -0.50623, 0.55591, -1.26389, -0.51144, 0.53946
-1.37809, -0.51138, 0.14544, -1.29015, -0.59436, 0.03912, -1.22892, -0.40359, 0.05255, -1.16006, -0.38435, -0.01782, -1.45398, -0.61474, 0.56701, -0.93963, -0.59910, 0.53285, -1.43285, -0.40977, 0.50615, -0.93082, -0.40081, 0.52086, -1.03865, -0.49411, 0.54765, -1.34966, -0.50866, 0.55199
-1.54852, -0.48902, 0.15207, -1.38888, -0.57050, 0.02585, -1.29909, -0.40116, 0.08976, -1.16279, -0.38194, -0.02605, -1.54192, -0.60980, 0.58364, -1.02772, -0.59067, 0.52272, -1.52457, -0.40190, 0.52926, -1.01584, -0.39248, 0.51167, -1.12497, -0.48419, 0.53871, -1.43494, -0.50513, 0.56043
-1.71468, -0.47672, 0.16233, -1.45296, -0.54655, 0.00762, -1.41417, -0.39665, 0.13236, -1.15015, -0.38032, -0.02945, -1.62937, -0.60391, 0.59220, -1.11484, -0.58451, 0.51485, -1.61311, -0.39493, 0.54308, -1.10052, -0.38631, 0.50778, -1.21110, -0.47723, 0.53137, -1.52004, -0.49954, 0.56464
-1.87062, -0.47276, 0.17543, -1.47850, -0.49673, -0.02313, -1.55291, -0.39057, 0.16601, -1.13591, -0.38319, -0.02604, -1.71526, -0.59994, 0.59356, -1.20295, -0.58165, 0.51138, -1.70717, -0.38838, 0.55858, -1.18537, -0.38358, 0.51203, -1.29812, -0.47344, 0.52819, -1.60657, -0.49334, 0.56666
-2.03174, -0.47777, 0.16517, -1.49487, -0.47578, -0.02809, -1.70589, -0.38417, 0.18867, -1.12608, -0.38147, -0.01051, -1.82608, -0.58852, 0.59195, -1.29260, -0.57992, 0.51358, -1.80331, -0.38107, 0.57457, -1.27182, -0.38253, 0.52563, -1.38673, -0.47093, 0.53122, -1.69548, -0.48653, 0.56731
-2.17135, -0.47879, 0.17040, -1.49044, -0.47998, -0.02818, -1.85766, -0.37661, 0.20388, -1.13918, -0.38039, 0.01635, -1.91847, -0.58421, 0.58114, -1.38311, -0.57798, 0.52260, -1.89997, -0.37745, 0.58927, -1.36241, -0.38145, 0.54468, -1.47777, -0.46924, 0.53885, -1.78695, -0.48176, 0.56787
-2.29908, -0.47812, 0.16458, -1.47856, -0.48407, -0.02331, -2.00849, -0.36710, 0.21329, -1.18201, -0.38449, 0.04752, -2.01413, -0.57875, 0.56407, -1.47350, -0.57438, 0.53957, -1.99488, -0.37465, 0.59793, -1.45912, -0.37735, 0.56224, -1.57162, -0.46784, 0.54795, -1.88106, -0.47885, 0.56639
-2.41342, -0.47600, 0.14812, -1.47138, -0.48747, -0.00947, -2.15564, -0.35795, 0.21648, -1.25055, -0.39226, 0.07602, -2.11215, -0.57066, 0.54358, -1.56371, -0.56765, 0.56010, -2.08758, -0.37043, 0.59839, -1.56021, -0.36961, 0.57762, -1.66690, -0.46571, 0.55687, -1.97645, -0.47650, 0.56229
-2.50641, -0.47225, 0.11862, -1.49048, -0.48997, 0.01363, -2.30138, -0.35081, 0.21187, -1.34163, -0.40304, 0.09989, -2.20990, -0.56039, 0.52333, -1.65411, -0.55801, 0.57929, -2.17801, -0.36306, 0.59028, -1.66375, -0.35980, 0.59180, -1.76262, -0.46269, 0.56559, -2.07150, -0.47376, 0.55457
-2.57694, -0.46655, 0.07848, -1.53260, -0.49336, 0.03851, -2.44321, -0.34755, 0.20001, -1.44763, -0.40857, 0.12329, -2.30440, -0.55078, 0.50286, -1.74677, -0.54863, 0.59557, -2.26775, -0.35342, 0.57301, -1.76631, -0.35093, 0.60395, -1.85854, -0.45875, 0.57369, -2.16534, -0.46886, 0.54112
-2.63390, -0.46008, 0.04217, -1.60541, -0.49859, 0.05762, -2.58346, -0.34846, 0.18011, -1.56551, -0.40558, 0.14096, -2.39597, -0.54444, 0.48410, -1.84162, -0.54225, 0.60647, -2.35728, -0.34368, 0.54665, -1.86620, -0.34504, 0.61304, -1.95399, -0.45505, 0.57784, -2.25729, -0.46265, 0.52276
-2.67842, -0.45393, 0.01778, -1.70656, -0.50112, 0.07000, -2.72166, -0.35026, 0.15532, -1.68981, -0.39452, 0.15415, -2.48627, -0.53866, 0.47005, -1.93794, -0.53910, 0.61347, -2.44759, -0.33322, 0.51702, -1.96350, -0.34201, 0.61992, -2.04913, -0.45211, 0.57999, -2.34790, -0.45449, 0.50403
-2.71368, -0.45115, 0.00945, -1.82540, -0.50141, 0.08035, -2.84431, -0.34794, 0.12656, -1.82030, -0.38439, 0.16271, -2.57568, -0.53169, 0.46200, -2.03406, -0.53873, 0.61569, -2.53802, -0.32193, 0.48585, -2.05848, -0.34163, 0.62541, -2.14389, -0.45034, 0.58141, -2.43852, -0.44530, 0.49032
-2.73662, -0.45235, 0.01001, -1.95750, -0.50424, 0.09001, -2.94842, -0.34284, 0.09478, -1.95909, -0.37483, 0.16269, -2.65814, -0.52601, 0.45572, -2.13017, -0.54133, 0.61342, -2.62895, -0.31291, 0.45789, -2.14971, -0.34403, 0.62848, -2.23759, -0.44931, 0.58115, -2.52952, -0.43578, 0.48199
-2.74245, -0.45653, 0.01144, -2.09805, -0.50891, 0.09652, -3.03281, -0.33937, 0.06397, -2.10439, -0.36394, 0.15519, -2.72873, -0.52006, 0.45250, -2.22323, -0.54493, 0.60632, -2.72109, -0.30675, 0.43811, -2.23425, -0.34773, 0.62936, -2.32744, -0.44744, 0.58013, -2.61801, -0.42506, 0.47766
-2.73817, -0.46059, 0.01515, -2.24269, -0.51177, 0.09814, -3.09609, -0.34208, 0.03663, -2.25162, -0.35198, 0.14294, -2.79260, -0.51076, 0.45648, -2.31036, -0.54752, 0.59424, -2.81136, -0.30204, 0.42625, -2.30956, -0.35142, 0.62717, -2.41078, -0.44383, 0.57959, -2.70128, -0.41267, 0.47620
-2.73943, -0.46510, 0.02294, -2.38954, -0.51567, 0.09090, -3.14510, -0.34981, 0.01973, -2.39650, -0.34032, 0.12680, -2.85834, -0.49838, 0.46519, -2.39268, -0.54759, 0.58206, -2.89608, -0.29659, 0.41960, -2.37761, -0.35325, 0.62135, -2.48798, -0.43820, 0.58070, -2.77886, -0.39855, 0.47810
-2.75227, -0.46908, 0.03470, -2.53906, -0.52179, 0.07573, -3.19242, -0.35507, 0.01201, -2.53969, -0.32990, 0.10686, -2.93104, -0.48741, 0.47926, -2.47245, -0.54451, 0.57081, -2.97387, -0.29146, 0.41471, -2.44155, -0.35214, 0.61051, -2.56045, -0.42954, 0.58016, -2.85250, -0.38441, 0.48229
-2.78733, -0.47171, 0.05276, -2.69349, -0.52762, 0.05713, -3.23512, -0.36098, 0.00937, -2.68427, -0.31784, 0.08358, -3.01143, -0.47801, 0.49242, -2.55187, -0.53837, 0.56400, -3.04492, -0.28499, 0.41126, -2.50469, -0.34764, 0.59460, -2.63075, -0.41733, 0.57723, -2.92483, -0.37140, 0.48744
-2.86304, -0.47016, 0.08683, -2.83948, -0.52742, 0.03699, -3.26839, -0.36153, 0.00812, -2.82020, -0.31034, 0.05511, -3.09500, -0.47028, 0.50218, -2.62946, -0.53051, 0.56083, -3.11346, -0.27772, 0.41272, -2.56968, -0.34139, 0.57503, -2.70033, -0.40441, 0.57204, -2.99753, -0.36112, 0.49348
-2.97219, -0.46055, 0.11281, -2.96111, -0.52166, 0.01708, -3.28459, -0.35894, 0.00923, -2.93733, -0.31091, 0.02750, -3.17754, -0.46294, 0.51100, -2.70383, -0.52209, 0.55920, -3.17953, -0.26913, 0.41974, -2.63705, -0.33491, 0.55268, -2.76946, -0.39284, 0.56529, -3.07035, -0.35340, 0.50129
-3.10304, -0.44315, 0.12975, -3.05809, -0.51645, 0.00847, -3.28966, -0.35609, 0.01221, -3.04127, -0.31402, 0.00849, -3.25881, -0.45534, 0.52069, -2.77341, -0.51248, 0.55527, -3.24428, -0.25979, 0.43236, -2.70705, -0.32699, 0.52828, -2.83800, -0.38258, 0.55680, -3.14242, -0.34773, 0.50995
-3.24781, -0.42293, 0.13584, -3.12684, -0.51379, -0.00156, -3.28569, -0.35419, 0.01805, -3.13006, -0.31401, -0.00128, -3.33619, -0.44594, 0.53115, -2.83899, -0.50298, 0.54470, -3.30663, -0.24845, 0.44899, -2.77755, -0.31769, 0.50682, -2.90552, -0.37405, 0.54550, -3.21274, -0.34235, 0.51865
-3.39714, -0.40216, 0.13277, -3.17855, -0.50513, -0.01680, -3.29623, -0.34428, 0.02833, -3.18757, -0.30699, -0.01362, -3.40894, -0.43644, 0.54049, -2.90124, -0.49520, 0.52629, -3.37131, -0.23469, 0.47279, -2.84762, -0.30741, 0.48885, -2.97184, -0.36859, 0.53216, -3.28054, -0.33759, 0.52557
-3.54517, -0.38136, 0.12926, -3.20801, -0.49342, -0.02573, -3.32837, -0.31757, 0.04917, -3.21890, -0.29430, -0.01713, -3.47911, -0.42637, 0.54490, -2.95974, -0.48768, 0.50734, -3.43620, -0.22086, 0.49664, -2.91650, -0.29626, 0.47530, -3.03638, -0.36508, 0.51936, -3.34552, -0.33357, 0.52950
-3.68434, -0.36010, 0.12250, -3.20900, -0.49238, -0.03022, -3.38980, -0.28372, 0.07074, -3.22002, -0.29305, -0.02122, -3.54805, -0.41627, 0.54271, -3.01687, -0.48075, 0.49616, -3.50055, -0.20904, 0.51679, -2.98329, -0.28615, 0.47286, -3.09982, -0.36287, 0.51267, -3.40886, -0.32946, 0.53198
-3.81613, -0.33720, 0.11013, -3.19740, -0.49224, -0.03121, -3.47284, -0.25088, 0.09100, -3.21544, -0.29597, -0.02489, -3.61691, -0.40727, 0.53557, -3.07516, -0.47569, 0.49784, -3.56711, -0.20059, 0.53170, -3.04979, -0.27891, 0.48463, -3.16404, -0.36252, 0.51631, -3.47316, -0.32585, 0.53299
-3.93582, -0.31211, 0.09653, -3.18769, -0.49381, -0.02613, -3.57747, -0.22179, 0.10981, -3.20656, -0.29873, -0.02750, -3.68582, -0.39891, 0.52175, -3.13744, -0.47236, 0.51237, -3.63535, -0.19395, 0.54246, -3.11796, -0.27458, 0.50573, -3.23121, -0.36267, 0.52729, -3.54020, -0.32192, 0.53233
-4.02830, -0.29021, 0.08365, -3.18385, -0.49680, -0.01176, -3.70002, -0.19770, 0.12702, -3.19752, -0.30336, -0.02330, -3.75861, -0.38816, 0.50062, -3.20553, -0.47069, 0.53644, -3.70478, -0.18932, 0.54787, -3.18889, -0.27256, 0.53335, -3.30228, -0.36270, 0.54159, -3.61022, -0.31854, 0.52875
-4.10198, -0.26694, 0.06433, -3.20943, -0.50194, 0.01071, -3.83159, -0.17686, 0.13501, -3.20145, -0.30688, -0.01038, -3.83401, -0.37698, 0.48237, -3.27994, -0.47031, 0.55947, -3.77395, -0.18595, 0.54529, -3.26274, -0.27221, 0.55918, -3.37649, -0.36214, 0.55440, -3.68202, -0.31590, 0.52122
-4.15600, -0.24186, 0.04120, -3.26747, -0.50725, 0.03187, -3.96863, -0.15386, 0.13012, -3.22924, -0.30681, 0.00576, -3.90693, -0.36855, 0.46671, -3.35819, -0.47101, 0.57669, -3.84036, -0.18062, 0.53293, -3.33643, -0.27338, 0.57976, -3.45132, -0.36052, 0.56374, -3.75312, -0.31221, 0.51012
-4.20173, -0.21790, 0.02544, -3.35002, -0.51004, 0.04771, -4.09225, -0.13053, 0.11195, -3.27867, -0.30469, 0.02186, -3.97625, -0.36247, 0.45239, -3.43904, -0.47169, 0.58860, -3.90410, -0.17270, 0.51319, -3.40938, -0.27520, 0.59581, -3.52649, -0.35724, 0.57122, -3.82301, -0.30610, 0.49600
-4.23965, -0.19793, 0.01559, -3.45659, -0.50835, 0.05784, -4.19167, -0.10902, 0.08269, -3.34711, -0.30103, 0.03862, -4.04157, -0.35627, 0.43919, -3.51946, -0.47120, 0.59451, -3.96652, -0.16110, 0.48590, -3.48254, -0.27623, 0.60716, -3.60162, -0.35306, 0.57608, -3.89151, -0.29696, 0.48128
-4.27313, -0.18210, 0.01063, -3.57038, -0.50040, 0.06403, -4.26685, -0.09364, 0.04922, -3.43038, -0.29410, 0.05684, -4.10356, -0.35166, 0.42894, -3.59742, -0.46977, 0.59434, -4.03188, -0.15016, 0.45587, -3.55476, -0.27647, 0.61314, -3.67557, -0.34865, 0.57787, -3.95982, -0.28740, 0.46966
-4.30587, -0.16994, 0.01090, -3.68480, -0.48953, 0.06211, -4.32025, -0.08064, 0.02471, -3.52148, -0.28421, 0.07691, -4.16139, -0.34826, 0.42253, -3.67208, -0.46667, 0.59006, -4.10004, -0.14108, 0.43730, -3.62426, -0.27503, 0.61307, -3.74707, -0.34319, 0.57670, -4.02779, -0.27795, 0.46082
-4.33476, -0.16004, 0.01079, -3.80210, -0.47758, 0.04885, -4.36615, -0.06895, 0.01726, -3.61808, -0.27340, 0.09761, -4.21558, -0.34511, 0.42035, -3.73952, -0.46223, 0.58362, -4.16698, -0.13405, 0.42731, -3.68696, -0.27210, 0.60872, -3.81185, -0.33688, 0.57328, -4.09174, -0.26911, 0.45600
-4.35566, -0.15275, 0.01188, -3.92722, -0.46268, 0.02847, -4.40585, -0.05538, 0.01947, -3.72265, -0.26093, 0.10976, -4.26937, -0.34100, 0.42152, -3.79936, -0.45704, 0.57531, -4.23112, -0.12799, 0.42305, -3.74302, -0.26793, 0.59984, -3.87006, -0.33054, 0.56837, -4.15143, -0.26071, 0.45531
