12.13287, 0.18224, 0.11886, 13.29857, 0.61549, 0.00450, 11.27707, 0.73958, 0.15273, 12.58496, 0.90092, -0.05204, 11.84890, 0.47603, 1.05244, 12.83497, 0.64492, 0.99679, 11.66631, 0.85429, 0.96723, 12.75783, 1.03355, 0.96257, 12.58972, 0.79996, 0.99963, 11.97127, 0.72561, 1.02300
12.09128, 0.18106, 0.14210, 13.32051, 0.60871, 0.02371, 11.24126, 0.75196, 0.12126, 12.59441, 0.89854, -0.05285, 11.81503, 0.50634, 1.06480, 12.79353, 0.65271, 0.99458, 11.62947, 0.88097, 0.96854, 12.72023, 1.04130, 0.95234, 12.54955, 0.80970, 0.99013, 11.93036, 0.74893, 1.02573
12.02437, 0.19499, 0.16519, 13.33403, 0.60401, 0.04021, 11.22877, 0.75195, 0.09234, 12.60029, 0.89993, -0.05518, 11.77122, 0.53464, 1.08632, 12.74574, 0.65956, 0.99425, 11.58736, 0.90491, 0.96976, 12.68138, 1.04878, 0.94404, 12.50519, 0.82138, 0.98200, 11.88571, 0.77208, 1.02757
11.91205, 0.22453, 0.18917, 13.33511, 0.60113, 0.05670, 11.25080, 0.75720, 0.07650, 12.60315, 0.89932, -0.05875, 11.71448, 0.56068, 1.10992, 12.69285, 0.66741, 0.99770, 11.53671, 0.92639, 0.97240, 12.64015, 1.05712, 0.93853, 12.45708, 0.83519, 0.97631, 11.83750, 0.79566, 1.02815
11.75507, 0.26905, 0.20774, 13.31767, 0.59925, 0.07541, 11.26205, 0.77030, 0.07309, 12.60505, 0.89795, -0.05991, 11.63651, 0.57424, 1.12302, 12.63756, 0.67862, 1.00442, 11.48222, 0.94355, 0.97372, 12.59512, 1.06822, 0.93687, 12.40623, 0.85091, 0.97282, 11.78672, 0.81802, 1.02877
11.58122, 0.32271, 0.21465, 13.26085, 0.59129, 0.08174, 11.26960, 0.77545, 0.07172, 12.60857, 0.89673, -0.06043, 11.58809, 0.59360, 1.12765, 12.58167, 0.69458, 1.01045, 11.43213, 0.96065, 0.97310, 12.54625, 1.08409, 0.93841, 12.35357, 0.86967, 0.97155, 11.73424, 0.83739, 1.02825
11.39754, 0.39157, 0.21228, 13.18638, 0.60481, 0.09910, 11.27780, 0.78683, 0.06457, 12.61481, 0.89196, -0.06171, 11.54194, 0.60820, 1.12039, 12.52553, 0.71428, 1.01433, 11.38322, 0.97838, 0.97038, 12.49556, 1.10417, 0.94193, 12.30001, 0.89195, 0.97226, 11.68098, 0.85456, 1.02659
11.21381, 0.47191, 0.19960, 13.08457, 0.59627, 0.12065, 11.27511, 0.79092, 0.06047, 12.62189, 0.88951, -0.06133, 11.49213, 0.61797, 1.10294, 12.46957, 0.73654, 1.01720, 11.33680, 0.99707, 0.96547, 12.44415, 1.12698, 0.94603, 12.24621, 0.91670, 0.97421, 11.62752, 0.86945, 1.02449
11.04797, 0.55810, 0.18833, 12.92196, 0.58285, 0.11236, 11.27301, 0.79307, 0.06002, 12.62918, 0.88683, -0.05919, 11.43726, 0.62392, 1.07540, 12.41245, 0.75893, 1.02077, 11.28928, 1.01485, 0.96281, 12.39191, 1.14971, 0.94990, 12.19136, 0.94187, 0.97782, 11.57324, 0.88202, 1.02303
10.90770, 0.64729, 0.17852, 12.71834, 0.58246, 0.10745, 11.27264, 0.79495, 0.06097, 12.64390, 0.89040, -0.05541, 11.37153, 0.62896, 1.04149, 12.35275, 0.77986, 1.02490, 11.24152, 1.03328, 0.96515, 12.33665, 1.17093, 0.95449, 12.13373, 0.96543, 0.98261, 11.51682, 0.89175, 1.02348
10.81149, 0.72951, 0.14915, 12.50327, 0.59066, 0.11354, 11.27177, 0.80388, 0.06072, 12.65825, 0.88880, -0.04483, 11.29057, 0.63446, 1.01688, 12.28887, 0.79988, 1.02990, 11.19243, 1.05129, 0.97241, 12.27593, 1.19106, 0.95943, 12.07128, 0.98760, 0.98974, 11.45640, 0.89774, 1.02666
10.77782, 0.79013, 0.09939, 12.28037, 0.61492, 0.11071, 11.27031, 0.81161, 0.05837, 12.67102, 0.88713, -0.02603, 11.20189, 0.64466, 1.00532, 12.22115, 0.82176, 1.03757, 11.14058, 1.07018, 0.98130, 12.20697, 1.21265, 0.96574, 12.00292, 1.00895, 0.99844, 11.39011, 0.90447, 1.03235
10.80867, 0.83356, 0.06150, 12.05400, 0.65443, 0.10251, 11.25251, 0.81909, 0.06250, 12.67144, 0.88609, 0.00177, 11.11166, 0.65821, 1.00800, 12.14945, 0.84439, 1.04620, 11.07642, 1.08654, 0.98964, 12.12983, 1.23507, 0.97453, 11.92858, 1.02914, 1.01041, 11.31738, 0.91281, 1.04144
10.83199, 0.83786, 0.05415, 11.84379, 0.69680, 0.08493, 11.20886, 0.83494, 0.07383, 12.65882, 0.90483, 0.04873, 11.02684, 0.67338, 1.01559, 12.07478, 0.86539, 1.05832, 11.00169, 1.10293, 0.99864, 12.04670, 1.25588, 0.98842, 11.84996, 1.04635, 1.02827, 11.23940, 0.92273, 1.05201
10.82899, 0.83320, 0.05638, 11.65324, 0.72291, 0.04570, 11.14526, 0.88151, 0.11884, 12.61888, 0.94523, 0.10138, 10.95255, 0.68874, 1.02615, 11.99804, 0.88424, 1.07270, 10.92813, 1.11938, 1.00174, 11.96368, 1.27469, 1.00542, 11.77050, 1.06292, 1.05049, 11.16023, 0.93578, 1.05968
10.82214, 0.82950, 0.05611, 11.49086, 0.76367, 0.01863, 11.03858, 0.95303, 0.18527, 12.51384, 1.02753, 0.13360, 10.87525, 0.70652, 1.03231, 11.91964, 0.89827, 1.08376, 10.85018, 1.13699, 1.00647, 11.88216, 1.28972, 1.02446, 11.69124, 1.07698, 1.07433, 11.08120, 0.95069, 1.06335
10.81334, 0.83272, 0.05831, 11.40007, 0.82469, 0.00697, 10.89152, 1.02410, 0.21886, 12.29650, 1.10827, 0.11083, 10.79502, 0.72666, 1.03674, 11.83904, 0.90384, 1.08896, 10.76765, 1.15511, 1.01142, 11.80432, 1.29703, 1.04046, 11.61322, 1.08591, 1.09615, 11.00267, 0.96763, 1.06150
10.80980, 0.83535, 0.06114, 11.39219, 0.84283, -0.00856, 10.71068, 1.09230, 0.23507, 12.00788, 1.19424, 0.07017, 10.71459, 0.75055, 1.03921, 11.76129, 0.90107, 1.08536, 10.68019, 1.17317, 1.01713, 11.73327, 1.29609, 1.04892, 11.54016, 1.08762, 1.10761, 10.92722, 0.98809, 1.05586
10.80609, 0.83696, 0.06505, 11.42512, 0.83777, -0.03017, 10.51386, 1.16019, 0.24518, 11.68714, 1.28477, 0.05189, 10.63680, 0.77721, 1.04023, 11.68439, 0.89174, 1.06450, 10.59617, 1.19365, 1.01677, 11.66985, 1.28876, 1.04661, 11.47036, 1.08463, 1.09888, 10.85329, 1.01218, 1.04833
10.79222, 0.84087, 0.07395, 11.42909, 0.83676, -0.04648, 10.31573, 1.22481, 0.24541, 11.34452, 1.36493, 0.04732, 10.55754, 0.80436, 1.04379, 11.60375, 0.87972, 1.03130, 10.51761, 1.21898, 1.01020, 11.60864, 1.27735, 1.03666, 11.39894, 1.08053, 1.07520, 10.77805, 1.03717, 1.04034
10.76511, 0.84445, 0.09104, 11.43859, 0.84035, -0.05187, 10.11845, 1.28143, 0.23714, 11.05430, 1.40758, 0.01948, 10.47396, 0.83253, 1.05368, 11.52153, 0.87226, 0.98944, 10.44011, 1.24727, 0.99927, 11.54028, 1.26854, 1.01718, 11.32308, 1.07760, 1.04094, 10.70005, 1.06156, 1.03234
10.69558, 0.85931, 0.11092, 11.45424, 0.83996, -0.05419, 9.92732, 1.33558, 0.22401, 10.90060, 1.41356, -0.03076, 10.38599, 0.86388, 1.07182, 11.44032, 0.87593, 0.94241, 10.36307, 1.27574, 0.98972, 11.46136, 1.26867, 1.00125, 11.24202, 1.07873, 1.00361, 10.61901, 1.08532, 1.02530
10.56266, 0.87782, 0.18942, 11.46603, 0.83896, -0.05297, 9.76532, 1.38565, 0.22407, 10.90184, 1.41602, -0.04505, 10.29009, 0.89972, 1.08946, 11.35820, 0.88821, 0.90426, 10.28177, 1.30333, 0.97609, 11.37276, 1.27728, 0.98532, 11.15583, 1.08509, 0.97119, 10.53459, 1.10990, 1.01758
10.39072, 0.90368, 0.24796, 11.48259, 0.83990, -0.04633, 9.62810, 1.44828, 0.21391, 10.93887, 1.42228, -0.05470, 10.20494, 0.92739, 1.11082, 11.27024, 0.90656, 0.88438, 10.18916, 1.32115, 0.96395, 11.27564, 1.29530, 0.96810, 11.06291, 1.09884, 0.94950, 10.44380, 1.13371, 1.01035
10.19191, 0.94983, 0.26961, 11.49537, 0.84348, -0.03590, 9.50890, 1.49468, 0.20332, 10.90115, 1.43664, -0.03895, 10.09429, 0.95676, 1.11599, 11.17656, 0.93052, 0.88485, 10.09086, 1.34322, 0.95854, 11.16996, 1.32378, 0.94367, 10.96281, 1.12091, 0.93235, 10.34581, 1.15973, 1.00398
9.97405, 1.01085, 0.27212, 11.50501, 0.84641, -0.02062, 9.39802, 1.52118, 0.19333, 10.89414, 1.42745, -0.04281, 10.00769, 0.98626, 1.12770, 11.07350, 0.96063, 0.88735, 9.98664, 1.37138, 0.96215, 11.06207, 1.35698, 0.91794, 10.85683, 1.15191, 0.91314, 10.24226, 1.18962, 0.99948
9.74183, 1.06750, 0.27608, 11.50060, 0.85440, 0.00494, 9.32815, 1.54910, 0.16529, 10.92255, 1.42189, -0.05346, 9.92402, 1.00865, 1.13080, 10.96401, 0.99567, 0.89903, 9.87708, 1.39701, 0.96471, 10.94915, 1.39307, 0.89632, 10.74543, 1.18650, 0.90057, 10.13267, 1.21716, 0.99746
9.51543, 1.11229, 0.27298, 11.48656, 0.87030, 0.04536, 9.30758, 1.59176, 0.12181, 10.93662, 1.42234, -0.05716, 9.82464, 1.02849, 1.12362, 10.84924, 1.03127, 0.92116, 9.75618, 1.42007, 0.96757, 10.83448, 1.42729, 0.88796, 10.63073, 1.22108, 0.90066, 10.01830, 1.24316, 0.99725
9.30049, 1.14934, 0.26133, 11.44203, 0.89227, 0.09792, 9.34799, 1.61788, 0.06132, 10.94897, 1.42340, -0.06035, 9.70940, 1.04521, 1.10456, 10.72903, 1.06220, 0.94197, 9.63017, 1.44196, 0.96330, 10.71809, 1.45609, 0.88818, 10.51259, 1.25194, 0.90521, 9.89908, 1.26699, 0.99663
9.10112, 1.17734, 0.26065, 11.32234, 0.93565, 0.13891, 9.34628, 1.62972, 0.05971, 10.97382, 1.42058, -0.05458, 9.57850, 1.05626, 1.07294, 10.60784, 1.08988, 0.96113, 9.51108, 1.46198, 0.94664, 10.60088, 1.48260, 0.89888, 10.39356, 1.28034, 0.91635, 9.77779, 1.28611, 0.99495
8.91465, 1.20165, 0.25221, 11.12875, 0.95863, 0.18666, 9.34763, 1.63959, 0.05687, 10.99268, 1.41554, -0.02855, 9.43824, 1.06780, 1.03734, 10.48885, 1.11424, 0.98122, 9.39494, 1.48304, 0.94069, 10.48040, 1.50734, 0.92157, 10.27419, 1.30354, 0.93342, 9.65589, 1.29944, 0.99321
8.73889, 1.21896, 0.23260, 10.86551, 0.95794, 0.21174, 9.34869, 1.63815, 0.05684, 10.98829, 1.41359, 0.02414, 9.29332, 1.08247, 1.00454, 10.37017, 1.13343, 1.00665, 9.29257, 1.50644, 0.94338, 10.35716, 1.52739, 0.95386, 10.15373, 1.32052, 0.95818, 9.53337, 1.30697, 0.99315
8.57447, 1.23752, 0.21311, 10.56520, 0.97988, 0.20932, 9.34850, 1.63572, 0.05999, 10.93255, 1.43766, 0.09922, 9.15450, 1.09556, 0.97867, 10.24950, 1.14738, 1.03356, 9.20042, 1.52176, 0.95032, 10.23446, 1.54221, 0.98840, 10.03240, 1.33397, 0.98614, 9.41098, 1.30995, 0.99476
8.42591, 1.26286, 0.20351, 10.26107, 1.00477, 0.19483, 9.34346, 1.63623, 0.06687, 10.76643, 1.45833, 0.14581, 9.02613, 1.10465, 0.96286, 10.12866, 1.15777, 1.05874, 9.10792, 1.52733, 0.96331, 10.10975, 1.55290, 1.01788, 9.90978, 1.34269, 1.01297, 9.28821, 1.30954, 0.99988
8.29137, 1.29065, 0.20141, 9.96536, 1.02627, 0.15687, 9.33028, 1.64001, 0.07591, 10.47983, 1.50226, 0.15117, 8.90549, 1.10719, 0.95667, 10.00780, 1.16551, 1.07923, 9.00149, 1.52622, 0.97697, 9.98328, 1.56058, 1.04079, 9.78587, 1.34793, 1.03840, 9.16473, 1.30687, 1.00906
8.16578, 1.31503, 0.20683, 9.67300, 1.05194, 0.10676, 9.29822, 1.64130, 0.09341, 10.15411, 1.53397, 0.16574, 8.78745, 1.10667, 0.95998, 9.88748, 1.16916, 1.09353, 8.88846, 1.52345, 0.98968, 9.85876, 1.56458, 1.06225, 9.66299, 1.35040, 1.06263, 9.04285, 1.30333, 1.01851
8.04365, 1.33325, 0.21683, 9.40694, 1.07568, 0.05143, 9.22782, 1.64349, 0.11652, 9.82135, 1.55081, 0.16422, 8.67029, 1.10666, 0.96739, 9.76851, 1.16852, 1.10436, 8.76390, 1.52560, 1.00491, 9.73809, 1.56441, 1.08198, 9.54295, 1.34966, 1.08178, 8.92383, 1.30051, 1.02602
7.91497, 1.34288, 0.22819, 9.23955, 1.12401, 0.01489, 9.05158, 1.63279, 0.17672, 9.50081, 1.54331, 0.13558, 8.55206, 1.10860, 0.97088, 9.65009, 1.16506, 1.11145, 8.63755, 1.53001, 1.00588, 9.61975, 1.56142, 1.09969, 9.42452, 1.34681, 1.09471, 8.80633, 1.29871, 1.02962
7.77866, 1.34142, 0.23542, 9.18717, 1.19085, -0.00202, 8.80381, 1.62933, 0.23703, 9.21371, 1.54001, 0.07176, 8.43316, 1.11556, 0.96917, 9.53225, 1.16101, 1.10683, 8.51634, 1.53538, 1.02179, 9.50003, 1.55737, 1.11076, 9.30566, 1.34216, 1.10072, 8.68789, 1.29995, 1.03055
7.64025, 1.33478, 0.23680, 9.23264, 1.22864, -0.03342, 8.51542, 1.61689, 0.27040, 9.04044, 1.53453, -0.01450, 8.31180, 1.12264, 0.96406, 9.41459, 1.15736, 1.09203, 8.39339, 1.53771, 1.04535, 9.37833, 1.55260, 1.11701, 9.18610, 1.33613, 1.09739, 8.56815, 1.30120, 1.02894
7.50508, 1.33170, 0.23468, 9.23251, 1.23224, -0.04614, 8.21097, 1.59125, 0.29971, 9.01601, 1.52946, -0.03680, 8.18851, 1.12767, 0.95647, 9.29620, 1.15585, 1.06835, 8.26896, 1.53682, 1.06552, 9.25324, 1.54839, 1.11551, 9.06471, 1.33016, 1.08341, 8.44576, 1.30194, 1.02730
7.38729, 1.32831, 0.21529, 9.23276, 1.22824, -0.05046, 7.91019, 1.57147, 0.32648, 9.05958, 1.53804, -0.04330, 8.06290, 1.12998, 0.95033, 9.17635, 1.15752, 1.04229, 8.14379, 1.53759, 1.06935, 9.12413, 1.54713, 1.10256, 8.94088, 1.32609, 1.06063, 8.32065, 1.30164, 1.02662
7.29358, 1.32368, 0.17015, 9.25649, 1.22733, -0.04650, 7.62863, 1.56196, 0.32967, 9.05318, 1.54224, -0.04785, 7.93009, 1.13280, 0.94562, 9.05235, 1.16022, 1.01642, 8.00316, 1.54191, 1.06022, 8.99386, 1.54738, 1.08597, 8.81457, 1.32584, 1.03146, 8.19350, 1.30234, 1.02376
7.22128, 1.32884, 0.11725, 9.27720, 1.22626, -0.02406, 7.35627, 1.56141, 0.30791, 9.04001, 1.53961, -0.05223, 7.79272, 1.13652, 0.94238, 8.92103, 1.16979, 1.02023, 7.85289, 1.54701, 1.04534, 8.85705, 1.56071, 1.05547, 8.68127, 1.33317, 1.01638, 8.06064, 1.30702, 1.02057
7.18555, 1.34075, 0.05399, 9.27848, 1.21755, 0.04096, 7.12059, 1.56250, 0.28595, 9.07531, 1.54285, -0.03465, 7.65633, 1.14078, 0.93697, 8.78752, 1.19501, 1.03697, 7.69221, 1.55164, 1.01247, 8.72160, 1.58677, 1.05511, 8.54639, 1.35639, 1.03464, 7.92638, 1.31838, 1.02389
7.14096, 1.35283, 0.03703, 9.18157, 1.19137, 0.11616, 6.93232, 1.57535, 0.20939, 9.07242, 1.54457, 0.02465, 7.51699, 1.14170, 0.93364, 8.64483, 1.21171, 1.05355, 7.51789, 1.54536, 0.97703, 8.58073, 1.60419, 1.05718, 8.40432, 1.37396, 1.04851, 7.78467, 1.33197, 1.02448
7.14335, 1.36293, 0.02881, 8.98186, 1.19934, 0.18400, 6.81363, 1.57257, 0.11906, 8.97834, 1.57705, 0.10925, 7.37963, 1.13951, 0.93024, 8.49619, 1.21913, 1.06914, 7.35243, 1.53316, 0.94609, 8.43897, 1.61266, 1.07292, 8.25846, 1.38550, 1.06900, 7.63943, 1.34426, 1.02445
7.14375, 1.36536, 0.02807, 8.67050, 1.17265, 0.21319, 6.74063, 1.57085, 0.05925, 8.75258, 1.60606, 0.16995, 7.26652, 1.12940, 0.93172, 8.34520, 1.21960, 1.07606, 7.19930, 1.52369, 0.92641, 8.30412, 1.61508, 1.08404, 8.11451, 1.39543, 1.08387, 7.49570, 1.35777, 1.02419
7.14815, 1.36315, 0.02961, 8.29831, 1.15246, 0.20049, 6.68877, 1.58366, 0.04974, 8.40048, 1.64966, 0.18061, 7.18067, 1.12279, 0.95029, 8.20114, 1.21844, 1.08160, 7.06467, 1.52144, 0.91732, 8.17202, 1.61493, 1.09169, 7.97623, 1.40091, 1.09931, 7.35780, 1.37077, 1.02908
7.15014, 1.35401, 0.03940, 7.89575, 1.15425, 0.17082, 6.68315, 1.57794, 0.04621, 8.01468, 1.67169, 0.15693, 7.08164, 1.12916, 0.98663, 8.06546, 1.21757, 1.08175, 6.96115, 1.53497, 0.93386, 8.04406, 1.61430, 1.09918, 7.84528, 1.40353, 1.11544, 7.22635, 1.38066, 1.05080
7.13956, 1.34295, 0.06709, 7.50953, 1.16022, 0.14315, 6.68439, 1.57982, 0.04978, 7.59614, 1.67099, 0.13105, 6.96707, 1.13097, 1.04293, 7.93999, 1.21572, 1.07410, 6.87273, 1.53829, 0.97840, 7.92461, 1.61204, 1.10330, 7.72536, 1.40280, 1.13007, 7.10487, 1.38097, 1.09420
7.08160, 1.33980, 0.12484, 7.23080, 1.17662, 0.05163, 6.67323, 1.58214, 0.06502, 7.22232, 1.65074, 0.09637, 6.85800, 1.13160, 1.10106, 7.82520, 1.21738, 1.06367, 6.77795, 1.53563, 1.04785, 7.80884, 1.61364, 1.09319, 7.61620, 1.40242, 1.14290, 6.99662, 1.37588, 1.15349
6.94559, 1.32161, 0.20354, 7.10848, 1.21654, -0.00493, 6.62390, 1.58240, 0.11760, 7.01241, 1.68459, 0.00236, 6.74291, 1.12143, 1.17456, 7.71102, 1.22501, 1.03658, 6.66185, 1.53054, 1.13433, 7.68734, 1.62086, 1.06657, 7.50837, 1.40478, 1.14057, 6.89511, 1.36801, 1.21741
6.73547, 1.31557, 0.32896, 7.09280, 1.22013, -0.03645, 6.53721, 1.58108, 0.22579, 6.93277, 1.63272, -0.03527, 6.62490, 1.10367, 1.28650, 7.58734, 1.23207, 0.99389, 6.54542, 1.52289, 1.23869, 7.56038, 1.62762, 1.02507, 7.39431, 1.40898, 1.11896, 6.79622, 1.35773, 1.27923
6.48222, 1.30591, 0.51026, 7.08948, 1.21872, -0.05189, 6.42033, 1.56460, 0.39506, 6.91149, 1.67362, -0.02584, 6.52575, 1.09102, 1.41492, 7.45571, 1.24372, 0.95593, 6.43390, 1.50902, 1.34608, 7.41917, 1.63742, 0.99867, 7.26070, 1.41198, 1.08956, 6.69460, 1.34685, 1.34206
6.22800, 1.27855, 0.70462, 7.09753, 1.21583, -0.05956, 6.24677, 1.54159, 0.59639, 6.91606, 1.66818, -0.04200, 6.44623, 1.09571, 1.54038, 7.32018, 1.25628, 0.94730, 6.32575, 1.49955, 1.46019, 7.26610, 1.64743, 0.99454, 7.11244, 1.41444, 1.07390, 6.59063, 1.33808, 1.40681
5.99075, 1.24448, 0.92335, 7.11277, 1.22181, -0.06043, 6.04164, 1.51592, 0.82035, 6.91620, 1.66884, -0.04794, 6.34873, 1.12029, 1.65702, 7.18484, 1.26750, 0.99183, 6.21638, 1.49185, 1.58092, 7.10848, 1.65608, 1.02835, 6.96436, 1.41685, 1.10706, 6.47281, 1.32940, 1.47874
5.77728, 1.21218, 1.15713, 7.13151, 1.23290, -0.05044, 5.84233, 1.48366, 1.06076, 6.93889, 1.66524, -0.05885, 6.20747, 1.14260, 1.76530, 7.04767, 1.26985, 1.05594, 6.10462, 1.47383, 1.70272, 6.95285, 1.65550, 1.07690, 6.81852, 1.41280, 1.16202, 6.34938, 1.32123, 1.55980
5.57806, 1.19417, 1.37737, 7.15184, 1.23838, -0.00494, 5.65433, 1.45291, 1.29311, 6.98805, 1.65467, -0.03696, 6.03302, 1.15291, 1.85887, 6.90561, 1.26611, 1.12997, 5.97223, 1.44545, 1.81000, 6.80599, 1.65082, 1.14516, 6.67512, 1.40784, 1.23477, 6.21503, 1.31540, 1.64378
5.37979, 1.18385, 1.56549, 7.08537, 1.21971, 0.07009, 5.47128, 1.43392, 1.48277, 6.97927, 1.63578, 0.03307, 5.85647, 1.14222, 1.93467, 6.76747, 1.25144, 1.22561, 5.82260, 1.42715, 1.89858, 6.67209, 1.63743, 1.23402, 6.54041, 1.39790, 1.33139, 6.07473, 1.30703, 1.73522
5.19537, 1.16533, 1.71518, 6.91977, 1.19585, 0.15190, 5.29751, 1.41631, 1.61194, 6.83773, 1.64076, 0.12130, 5.70077, 1.12051, 1.99808, 6.63913, 1.24079, 1.33326, 5.66905, 1.42143, 1.96920, 6.54503, 1.62718, 1.33430, 6.41347, 1.39021, 1.43789, 5.93216, 1.29773, 1.82275
5.03549, 1.14483, 1.82899, 6.71755, 1.19759, 0.23578, 5.12687, 1.39411, 1.71575, 6.62917, 1.58389, 0.20072, 5.55496, 1.10384, 2.05144, 6.51856, 1.22991, 1.43848, 5.53060, 1.41950, 2.02776, 6.42736, 1.61700, 1.43757, 6.29357, 1.38144, 1.54151, 5.79003, 1.28971, 1.89687
4.88610, 1.12472, 1.91464, 6.51151, 1.18681, 0.33758, 4.96487, 1.36982, 1.80510, 6.43254, 1.51023, 0.29872, 5.41543, 1.08777, 2.09335, 6.40508, 1.22043, 1.53780, 5.40153, 1.42386, 2.07883, 6.31692, 1.60822, 1.53702, 6.18018, 1.37342, 1.63885, 5.65699, 1.28134, 1.96422
4.74899, 1.10134, 1.97308, 6.26431, 1.17530, 0.45327, 4.81743, 1.34904, 1.87525, 6.21176, 1.44655, 0.40775, 5.28478, 1.07141, 2.13101, 6.29359, 1.20963, 1.62712, 5.27266, 1.42446, 2.11975, 6.21133, 1.59871, 1.62944, 6.06982, 1.36497, 1.72710, 5.52919, 1.27238, 2.02251
4.63168, 1.07514, 1.99887, 6.03320, 1.17262, 0.60684, 4.68039, 1.32628, 1.92064, 6.01342, 1.37854, 0.54533, 5.15962, 1.05816, 2.17017, 6.17980, 1.19814, 1.70573, 5.14600, 1.42244, 2.15553, 6.10428, 1.58853, 1.71267, 5.95768, 1.35597, 1.80549, 5.40306, 1.26289, 2.07380
4.50529, 1.06188, 2.02574, 5.80084, 1.15896, 0.79300, 4.55049, 1.30349, 1.94549, 5.81932, 1.34087, 0.71204, 5.03945, 1.04428, 2.20498, 6.06243, 1.18790, 1.77056, 5.02083, 1.41691, 2.18852, 5.99081, 1.57884, 1.78449, 5.84252, 1.34620, 1.87439, 5.27665, 1.25295, 2.11826
4.37515, 1.05352, 2.04461, 5.57373, 1.15515, 1.00475, 4.42528, 1.28245, 1.95460, 5.61099, 1.30448, 0.92004, 4.91239, 1.03409, 2.23896, 5.94015, 1.17967, 1.82296, 4.89674, 1.41245, 2.21678, 5.86785, 1.57019, 1.84367, 5.72191, 1.33592, 1.93320, 5.14797, 1.24343, 2.15781
4.24039, 1.04679, 2.04650, 5.37015, 1.16602, 1.23366, 4.30152, 1.26399, 1.95001, 5.43471, 1.25715, 1.15961, 4.78241, 1.02551, 2.27248, 5.81551, 1.17207, 1.86744, 4.76825, 1.40600, 2.24151, 5.73853, 1.56131, 1.89429, 5.59663, 1.32402, 1.98233, 5.01692, 1.23380, 2.19259
4.10324, 1.04435, 2.03341, 5.20919, 1.17168, 1.45423, 4.17750, 1.24910, 1.93186, 5.35665, 1.27569, 1.25375, 4.64983, 1.01728, 2.30348, 5.68662, 1.16506, 1.90222, 4.63516, 1.39786, 2.26372, 5.60722, 1.55266, 1.94242, 5.46822, 1.31163, 2.02476, 4.88382, 1.22438, 2.22278
3.96810, 1.04439, 2.00350, 5.07158, 1.16162, 1.60167, 4.05295, 1.23717, 1.90184, 5.09448, 1.25420, 1.44421, 4.51560, 1.01086, 2.32998, 5.55655, 1.15666, 1.93294, 4.49861, 1.38858, 2.28252, 5.47949, 1.54280, 1.98874, 5.34004, 1.29944, 2.06307, 4.75093, 1.21519, 2.24765
3.83800, 1.04618, 1.95915, 4.93714, 1.12934, 1.71062, 3.92742, 1.22729, 1.86435, 4.89133, 1.28865, 1.65702, 4.38095, 1.00589, 2.35086, 5.42886, 1.14383, 1.96528, 4.35902, 1.37798, 2.29512, 5.35649, 1.52931, 2.03108, 5.21201, 1.28605, 2.09545, 4.61826, 1.20563, 2.26621
3.71225, 1.04882, 1.90493, 4.80038, 1.08103, 1.76989, 3.80029, 1.21875, 1.82262, 4.75323, 1.30534, 1.70889, 4.24819, 0.99902, 2.36508, 5.30750, 1.12729, 2.00972, 4.21856, 1.36555, 2.30090, 5.23766, 1.51409, 2.07028, 5.08735, 1.27317, 2.12995, 4.48791, 1.19551, 2.28090
3.59105, 1.04853, 1.84325, 4.66895, 1.04915, 1.80275, 3.67181, 1.21208, 1.77691, 4.62763, 1.31921, 1.72324, 4.11702, 0.98870, 2.37259, 5.18595, 1.11063, 2.05641, 4.07759, 1.35294, 2.30037, 5.11937, 1.49872, 2.11215, 4.96398, 1.26022, 2.16842, 4.35826, 1.18535, 2.29341
3.47359, 1.04591, 1.77683, 4.53723, 1.03607, 1.81200, 3.54295, 1.20945, 1.72628, 4.51670, 1.33497, 1.78392, 3.98603, 0.97569, 2.37191, 5.06061, 1.09516, 2.09856, 3.93750, 1.34152, 2.29337, 5.00179, 1.48378, 2.15916, 4.83841, 1.24841, 2.20504, 4.22727, 1.17588, 2.30237
3.35753, 1.04273, 1.70865, 4.41529, 1.03546, 1.79785, 3.41283, 1.20943, 1.67054, 4.42441, 1.32046, 1.78104, 3.85744, 0.95827, 2.36240, 4.93365, 1.08065, 2.14090, 3.80008, 1.33163, 2.28041, 4.88035, 1.46956, 2.20466, 4.70992, 1.23724, 2.23899, 4.09455, 1.16627, 2.30712
3.24133, 1.03948, 1.64152, 4.31307, 1.04512, 1.78015, 3.27902, 1.20920, 1.60958, 4.35093, 1.30904, 1.76855, 3.72940, 0.93822, 2.34335, 4.80412, 1.06517, 2.18366, 3.66563, 1.32306, 2.26548, 4.75312, 1.45492, 2.24406, 4.57775, 1.22515, 2.26946, 3.95941, 1.15617, 2.30697
3.12505, 1.03331, 1.57540, 4.22823, 1.05728, 1.76577, 3.13788, 1.20761, 1.54370, 4.28106, 1.29650, 1.75773, 3.60794, 0.91755, 2.31362, 4.67119, 1.04868, 2.22349, 3.53314, 1.31656, 2.24635, 4.62213, 1.43964, 2.27739, 4.44222, 1.21255, 2.29360, 3.82234, 1.14635, 2.29966
3.00751, 1.02784, 1.50913, 4.15583, 1.07714, 1.73664, 2.99639, 1.20583, 1.47611, 4.20583, 1.28249, 1.73977, 3.49629, 0.89986, 2.27389, 4.53473, 1.03294, 2.25799, 3.40456, 1.31119, 2.21899, 4.48839, 1.42516, 2.30457, 4.30403, 1.20115, 2.30974, 3.68443, 1.13653, 2.28386
2.87238, 1.00409, 1.40141, 4.09475, 1.09740, 1.70118, 2.86007, 1.20035, 1.40983, 4.15176, 1.26708, 1.70771, 3.33576, 0.88839, 2.24419, 4.39382, 1.01752, 2.28618, 3.27669, 1.30441, 2.18062, 4.34998, 1.41058, 2.32786, 4.16238, 1.18938, 2.31927, 3.54502, 1.12688, 2.25904
2.74532, 0.99678, 1.34503, 4.04292, 1.10683, 1.66827, 2.72379, 1.18728, 1.34402, 4.12112, 1.24732, 1.69059, 3.17864, 0.88208, 2.19816, 4.24988, 1.00319, 2.30906, 3.14255, 1.29876, 2.13867, 4.20860, 1.39684, 2.34778, 4.01911, 1.17865, 2.32162, 3.40586, 1.11966, 2.22795
2.61876, 0.98955, 1.28933, 3.99795, 1.11575, 1.64338, 2.58759, 1.17140, 1.27828, 4.07732, 1.24085, 1.67475, 3.04986, 0.87158, 2.15276, 4.10147, 0.98880, 2.32413, 3.00958, 1.29192, 2.09129, 4.06133, 1.38253, 2.36307, 3.87269, 1.16710, 2.31613, 3.26559, 1.11301, 2.18925
2.48987, 0.98046, 1.23214, 3.95357, 1.12827, 1.62779, 2.45179, 1.15562, 1.21274, 4.02166, 1.22500, 1.66000, 2.92020, 0.86173, 2.10346, 3.94963, 0.97498, 2.33050, 2.87560, 1.28410, 2.03924, 3.90821, 1.36845, 2.37070, 3.72385, 1.15506, 2.30235, 3.12475, 1.10590, 2.14410
2.35941, 0.96613, 1.17296, 3.90515, 1.12945, 1.61555, 2.31556, 1.14033, 1.14582, 3.95502, 1.21689, 1.65112, 2.78945, 0.85309, 2.04986, 3.79493, 0.96180, 2.32767, 2.73875, 1.27581, 1.98233, 3.75023, 1.35487, 2.36841, 3.57304, 1.14267, 2.28025, 2.98316, 1.09868, 2.09361
2.22619, 0.95132, 1.11018, 3.85343, 1.12500, 1.60179, 2.17936, 1.12557, 1.07585, 3.89624, 1.22074, 1.64128, 2.65641, 0.84525, 1.99036, 3.63880, 0.94870, 2.31365, 2.60024, 1.26768, 1.92097, 3.58968, 1.34116, 2.35503, 3.42143, 1.12978, 2.24917, 2.84111, 1.09101, 2.03794
2.09075, 0.93831, 1.04158, 3.79585, 1.11696, 1.58408, 2.04482, 1.11061, 1.00157, 3.84042, 1.22837, 1.62633, 2.52153, 0.83763, 1.92447, 3.48319, 0.93518, 2.28822, 2.46175, 1.25942, 1.85404, 3.42941, 1.32692, 2.33070, 3.27127, 1.11661, 2.20840, 2.69967, 1.08299, 1.97714
1.95559, 0.92675, 0.96625, 3.72935, 1.11104, 1.56495, 1.91318, 1.09631, 0.92054, 3.77693, 1.23129, 1.60340, 2.38551, 0.82940, 1.85331, 3.32960, 0.92078, 2.25174, 2.32407, 1.25020, 1.78160, 3.27156, 1.31171, 2.29598, 3.12320, 1.10282, 2.15979, 2.55923, 1.07406, 1.91177
1.82340, 0.91679, 0.88304, 3.65186, 1.10395, 1.54093, 1.78508, 1.08400, 0.83347, 3.70356, 1.22380, 1.57198, 2.24883, 0.82029, 1.77680, 3.17780, 0.90481, 2.20663, 2.18875, 1.24020, 1.70388, 3.11804, 1.29524, 2.25301, 2.97703, 1.08857, 2.10604, 2.42054, 1.06419, 1.84168
1.69471, 0.90733, 0.79272, 3.56294, 1.09445, 1.50899, 1.66345, 1.07386, 0.73953, 3.61609, 1.20729, 1.52835, 2.11302, 0.81123, 1.69507, 3.02747, 0.88724, 2.15666, 2.05561, 1.23035, 1.62128, 2.97057, 1.27786, 2.20498, 2.83276, 1.07443, 2.05063, 2.28505, 1.05439, 1.76732
1.56895, 0.89946, 0.69729, 3.45750, 1.08293, 1.46821, 1.55085, 1.06810, 0.63713, 3.51083, 1.18262, 1.47020, 1.97933, 0.80267, 1.60781, 2.88083, 0.87051, 2.10160, 1.92529, 1.22091, 1.53374, 2.82765, 1.26142, 2.15172, 2.69146, 1.06108, 1.99199, 2.15369, 1.04501, 1.68843
1.44647, 0.89309, 0.59780, 3.33466, 1.06801, 1.41876, 1.45114, 1.06636, 0.52518, 3.38295, 1.16266, 1.39586, 1.84848, 0.79453, 1.51593, 2.73754, 0.85494, 2.04182, 1.79897, 1.21166, 1.44081, 2.68666, 1.24584, 2.09446, 2.55292, 1.04838, 1.92916, 2.02633, 1.03579, 1.60459
1.32715, 0.88878, 0.49335, 3.19266, 1.05252, 1.36013, 1.36821, 1.06973, 0.40328, 3.23003, 1.14884, 1.31198, 1.72085, 0.78711, 1.41866, 2.59450, 0.84137, 1.98009, 1.67563, 1.20257, 1.34292, 2.54574, 1.23242, 2.03355, 2.41531, 1.03725, 1.86297, 1.90197, 1.02704, 1.51623
1.21474, 0.88843, 0.38310, 3.03108, 1.03534, 1.28909, 1.30123, 1.07813, 0.27771, 3.05156, 1.13857, 1.21762, 1.59522, 0.78000, 1.31670, 2.45259, 0.83053, 1.91445, 1.55397, 1.19305, 1.24077, 2.40533, 1.22188, 1.96709, 2.27773, 1.02779, 1.79317, 1.77941, 1.01850, 1.42387
1.11183, 0.88657, 0.26580, 2.84931, 1.01876, 1.20121, 1.24577, 1.08922, 0.15397, 2.85254, 1.12742, 1.10991, 1.46997, 0.77348, 1.21111, 2.31170, 0.82053, 1.84345, 1.43513, 1.18391, 1.13456, 2.26686, 1.21243, 1.89402, 2.13976, 1.01864, 1.71941, 1.65702, 1.00986, 1.32859
1.02230, 0.88250, 0.14416, 2.65231, 0.99881, 1.09336, 1.19576, 1.09869, 0.05731, 2.63693, 1.12388, 0.98471, 1.34381, 0.76775, 1.10472, 2.17218, 0.81059, 1.76550, 1.32380, 1.17850, 1.02781, 2.13146, 1.20321, 1.81393, 2.00164, 1.00966, 1.64107, 1.53396, 1.00071, 1.23106
0.94155, 0.88894, 0.04917, 2.44388, 0.97491, 0.96386, 1.21763, 1.08881, 0.04537, 2.41199, 1.13004, 0.84158, 1.21779, 0.76745, 1.01102, 2.03619, 0.80201, 1.68264, 1.20343, 1.18305, 0.94155, 2.00061, 1.19547, 1.72823, 1.86512, 1.00173, 1.56000, 1.40608, 0.99650, 1.13994
0.92006, 0.90517, 0.02814, 2.22459, 0.94454, 0.81149, 1.22623, 1.09423, 0.04025, 2.18199, 1.14736, 0.68012, 1.08099, 0.74216, 0.94916, 1.90654, 0.79511, 1.59439, 1.10329, 1.16569, 0.88087, 1.87537, 1.18925, 1.63730, 1.73098, 0.99456, 1.47779, 1.26466, 0.97596, 1.06807
0.93103, 0.90653, 0.02568, 1.99027, 0.90507, 0.64228, 1.22889, 1.10271, 0.03975, 1.94294, 1.16633, 0.49924, 0.94953, 0.72283, 0.90064, 1.78599, 0.78890, 1.50197, 1.00858, 1.13559, 0.84527, 1.75946, 1.18374, 1.54138, 1.60173, 0.98722, 1.39751, 1.11923, 0.95746, 1.01121
0.93597, 0.90315, 0.02438, 1.74309, 0.86068, 0.46363, 1.22558, 1.11131, 0.04306, 1.69224, 1.18083, 0.30757, 0.84557, 0.71237, 0.86884, 1.69254, 0.78444, 1.41541, 0.88458, 1.11801, 0.81896, 1.66954, 1.18037, 1.44495, 1.49675, 0.97941, 1.32680, 0.98635, 0.94511, 0.97694
0.94209, 0.89681, 0.02878, 1.49864, 0.81264, 0.28220, 1.20849, 1.11291, 0.05491, 1.45944, 1.17601, 0.12620, 0.73146, 0.69472, 0.86573, 1.62318, 0.78630, 1.33050, 0.74635, 1.10515, 0.81923, 1.59707, 1.18304, 1.33912, 1.41519, 0.97359, 1.25397, 0.86470, 0.93056, 0.96804
0.94155, 0.88698, 0.03995, 1.28564, 0.77005, 0.10517, 1.16002, 1.10642, 0.07924, 1.31853, 1.15367, 0.01236, 0.60704, 0.67406, 0.87606, 1.54902, 0.78590, 1.25110, 0.59262, 1.09597, 0.84135, 1.51610, 1.18211, 1.24172, 1.33290, 0.96583, 1.17962, 0.74774, 0.91414, 0.97231
0.92980, 0.87379, 0.05843, 1.15167, 0.74349, -0.02109, 1.06628, 1.09102, 0.10961, 1.22745, 1.11835, -0.04776, 0.47411, 0.65715, 0.89196, 1.46970, 0.78708, 1.15671, 0.43405, 1.08677, 0.87200, 1.42572, 1.18224, 1.14848, 1.24239, 0.96089, 1.10856, 0.63490, 0.89959, 0.98217
0.89704, 0.85411, 0.08368, 1.12089, 0.74732, -0.04915, 0.86264, 1.06303, 0.17684, 1.24971, 1.13432, -0.04860, 0.34625, 0.64351, 0.91091, 1.37709, 0.78498, 1.05614, 0.30053, 1.07148, 0.89835, 1.32258, 1.17891, 1.05323, 1.14131, 0.95296, 1.03639, 0.52264, 0.88710, 0.99305
0.82200, 0.84045, 0.12421, 1.15310, 0.74642, -0.06005, 0.57543, 1.02010, 0.23467, 1.24311, 1.13865, -0.05934, 0.23190, 0.63267, 0.92939, 1.27049, 0.77780, 0.97151, 0.15655, 1.05494, 0.92906, 1.20771, 1.17049, 0.97506, 1.03045, 0.94077, 0.97574, 0.41057, 0.87714, 1.00061
0.65459, 0.80910, 0.14081, 1.13136, 0.74620, -0.06312, 0.23971, 0.96816, 0.25124, 1.22741, 1.14328, -0.06456, 0.10423, 0.62033, 0.95132, 1.14758, 0.76593, 0.92220, 0.00953, 1.03633, 0.96595, 1.08517, 1.15812, 0.94344, 0.90802, 0.92831, 0.94321, 0.29061, 0.86733, 1.00252
0.37012, 0.77619, 0.17405, 1.15098, 0.75313, -0.06781, -0.11549, 0.92531, 0.27262, 1.25278, 1.13962, -0.06911, -0.04246, 0.60377, 0.98486, 1.01423, 0.75420, 0.89974, -0.12786, 1.01571, 1.00559, 0.95008, 1.14588, 0.92477, 0.77396, 0.91530, 0.92238, 0.15973, 0.85420, 1.00244
0.03210, 0.74595, 0.18823, 1.17402, 0.76134, -0.06092, -0.44040, 0.90382, 0.30239, 1.29982, 1.13638, -0.05387, -0.19104, 0.58570, 1.01737, 0.87654, 0.73693, 0.90369, -0.26300, 0.99022, 1.02610, 0.81278, 1.12867, 0.92884, 0.63608, 0.89888, 0.91586, 0.02444, 0.83582, 1.00246
-0.29921, 0.71393, 0.19606, 1.19590, 0.76700, -0.03764, -0.72355, 0.88125, 0.29192, 1.31487, 1.12627, -0.00935, -0.35308, 0.57963, 1.03326, 0.73266, 0.71218, 0.92318, -0.39978, 0.98021, 1.02392, 0.67395, 1.10444, 0.95222, 0.49473, 0.87827, 0.92177, -0.11654, 0.82032, 1.00169
-0.61804, 0.66217, 0.20134, 1.19091, 0.76984, 0.00624, -0.98918, 0.85340, 0.25766, 1.27248, 1.11757, 0.05108, -0.49621, 0.57030, 1.04362, 0.58441, 0.68550, 0.95421, -0.52798, 0.97665, 0.99980, 0.53095, 1.07851, 0.98327, 0.35009, 0.85596, 0.93899, -0.26394, 0.80198, 0.99567
-0.91421, 0.60860, 0.19707, 1.13172, 0.75582, 0.05393, -1.17456, 0.85392, 0.16572, 1.17047, 1.12081, 0.09481, -0.64053, 0.55679, 1.03737, 0.42767, 0.65913, 0.98573, -0.67480, 0.96654, 0.96223, 0.38038, 1.05286, 1.01570, 0.19805, 0.83446, 0.95867, -0.41854, 0.78593, 0.98748
-1.19489, 0.57104, 0.19474, 1.02147, 0.72999, 0.09147, -1.26701, 0.86140, 0.07323, 1.01431, 1.07985, 0.12739, -0.77904, 0.53628, 1.02016, 0.26674, 0.63524, 1.01170, -0.83082, 0.94854, 0.92153, 0.22514, 1.02909, 1.04792, 0.04170, 0.81534, 0.97824, -0.57654, 0.77208, 0.97822
-1.44687, 0.53656, 0.20804, 0.84407, 0.70604, 0.11058, -1.31440, 0.85666, 0.04683, 0.83062, 1.03123, 0.16344, -0.92502, 0.51279, 0.98404, 0.10395, 0.61534, 1.03262, -0.99817, 0.92820, 0.89261, 0.06498, 1.00878, 1.07559, -0.11829, 0.79831, 0.99616, -0.73682, 0.75864, 0.96747
-1.67652, 0.49903, 0.20187, 0.65418, 0.67764, 0.15541, -1.33855, 0.86448, 0.04049, 0.61122, 1.00079, 0.17827, -1.08636, 0.49060, 0.94308, -0.05820, 0.59952, 1.05104, -1.16473, 0.90567, 0.86320, -0.09890, 0.99240, 1.09736, -0.27951, 0.78268, 1.01019, -0.89669, 0.74099, 0.95609
-1.88757, 0.47404, 0.18081, 0.43730, 0.63925, 0.18688, -1.33716, 0.86228, 0.04036, 0.35527, 0.97029, 0.18091, -1.25168, 0.46082, 0.90705, -0.21859, 0.58875, 1.06909, -1.30706, 0.88113, 0.83646, -0.26593, 0.98149, 1.10995, -0.44058, 0.76861, 1.01841, -1.05474, 0.71175, 0.94402
-2.06809, 0.47832, 0.14593, 0.17406, 0.60045, 0.19268, -1.34314, 0.86570, 0.04438, 0.07989, 0.93836, 0.19316, -1.41873, 0.43505, 0.88201, -0.37528, 0.58214, 1.08284, -1.42095, 0.86030, 0.81263, -0.42976, 0.97484, 1.11410, -0.59915, 0.75713, 1.02407, -1.20885, 0.68077, 0.92931
-2.20466, 0.48754, 0.09288, -0.10824, 0.57010, 0.19596, -1.35159, 0.87235, 0.05022, -0.19684, 0.91470, 0.20415, -1.58923, 0.42356, 0.87291, -0.52512, 0.57656, 1.09649, -1.52532, 0.84198, 0.80347, -0.58507, 0.96939, 1.11208, -0.75187, 0.74581, 1.03218, -1.35674, 0.65396, 0.91857
-2.29375, 0.51235, 0.03398, -0.38993, 0.53446, 0.19551, -1.37191, 0.86813, 0.06054, -0.47542, 0.89364, 0.19799, -1.75577, 0.42381, 0.86742, -0.66609, 0.57073, 1.10650, -1.64532, 0.83002, 0.81878, -0.73361, 0.96263, 1.10430, -0.89699, 0.73233, 1.03748, -1.49814, 0.63089, 0.91196
-2.38240, 0.52021, 0.02509, -0.66818, 0.50295, 0.18877, -1.43483, 0.85432, 0.08331, -0.77100, 0.87331, 0.18010, -1.91092, 0.41931, 0.83985, -0.79810, 0.55973, 1.10758, -1.78980, 0.81629, 0.83817, -0.87387, 0.95002, 1.09808, -1.03431, 0.71489, 1.04179, -1.63175, 0.60710, 0.90243
-2.44981, 0.52558, 0.02417, -0.94043, 0.47086, 0.17462, -1.55525, 0.83008, 0.16046, -1.07435, 0.85219, 0.15870, -2.03011, 0.39258, 0.81374, -0.92312, 0.53928, 1.10116, -1.92872, 0.79224, 0.85094, -1.00484, 0.92848, 1.10161, -1.16441, 0.69185, 1.04925, -1.75826, 0.58078, 0.89606
-2.49776, 0.52498, 0.02458, -1.20978, 0.42938, 0.15129, -1.73725, 0.80803, 0.20096, -1.36183, 0.82662, 0.11753, -2.12861, 0.35517, 0.80527, -1.04340, 0.51493, 1.09099, -2.06698, 0.76363, 0.86826, -1.12954, 0.90284, 1.10724, -1.28863, 0.66583, 1.05512, -1.88150, 0.55527, 0.89720
-2.52785, 0.51642, 0.02443, -1.47437, 0.38596, 0.11611, -1.95915, 0.78322, 0.22146, -1.62373, 0.78992, 0.03993, -2.23031, 0.32597, 0.80497, -1.15463, 0.49262, 1.07739, -2.19054, 0.73935, 0.87772, -1.24452, 0.87919, 1.10273, -1.40293, 0.64097, 1.05421, -1.99854, 0.53430, 0.90385
-2.57262, 0.50543, 0.02592, -1.73260, 0.34372, 0.07381, -2.19986, 0.75372, 0.21283, -1.83311, 0.74905, -0.02956, -2.33048, 0.30873, 0.80646, -1.25886, 0.47502, 1.06148, -2.30966, 0.72849, 0.88168, -1.35267, 0.86077, 1.08495, -1.50981, 0.61990, 1.04641, -2.11084, 0.52217, 0.91307
-2.63036, 0.49644, 0.02759, -1.97001, 0.31575, 0.04384, -2.45918, 0.72718, 0.20551, -2.00199, 0.73989, -0.02091, -2.41844, 0.29540, 0.80938, -1.36087, 0.46333, 1.03999, -2.42928, 0.72101, 0.88414, -1.46207, 0.84724, 1.06311, -1.61539, 0.60256, 1.03445, -2.22124, 0.51344, 0.91992
-2.68675, 0.49739, 0.02834, -2.17018, 0.29771, 0.03678, -2.72290, 0.69495, 0.20884, -2.10816, 0.72073, -0.02539, -2.50556, 0.27844, 0.82005, -1.46176, 0.45522, 1.00940, -2.54715, 0.70647, 0.88070, -1.56957, 0.83708, 1.03624, -1.71908, 0.58904, 1.01832, -2.32839, 0.50204, 0.92503
-2.74012, 0.49397, 0.02962, -2.31880, 0.27918, 0.02597, -2.97330, 0.64773, 0.19507, -2.18582, 0.71446, -0.03504, -2.60809, 0.25548, 0.83818, -1.56210, 0.44870, 0.97331, -2.66877, 0.68383, 0.87330, -1.67325, 0.82927, 1.00442, -1.82010, 0.57909, 0.99841, -2.43171, 0.48825, 0.92977
-2.79461, 0.48959, 0.03659, -2.41389, 0.26978, -0.01539, -3.22245, 0.59697, 0.16364, -2.22255, 0.72377, -0.03420, -2.70711, 0.23418, 0.86362, -1.66493, 0.43488, 0.94496, -2.79394, 0.65706, 0.87177, -1.76850, 0.81775, 0.97396, -1.91917, 0.56988, 0.98149, -2.53248, 0.47749, 0.93565
-2.83204, 0.48494, 0.04997, -2.50746, 0.26594, -0.01620, -3.41321, 0.55355, 0.13778, -2.22195, 0.72077, -0.04394, -2.81497, 0.21805, 0.89526, -1.76872, 0.40958, 0.92769, -2.91084, 0.63268, 0.86016, -1.85473, 0.79719, 0.95043, -2.01547, 0.55639, 0.96965, -2.63092, 0.47071, 0.93986
-2.88333, 0.44847, 0.07514, -2.53074, 0.26074, -0.03210, -3.56758, 0.51249, 0.08204, -2.20448, 0.71959, -0.05637, -2.94031, 0.20899, 0.93206, -1.87385, 0.37758, 0.92285, -3.02367, 0.60417, 0.84022, -1.93691, 0.76957, 0.94570, -2.11196, 0.53873, 0.96200, -2.72963, 0.46423, 0.93719
-2.98753, 0.38033, 0.15137, -2.52773, 0.26287, -0.04160, -3.66528, 0.47094, 0.04328, -2.18058, 0.71720, -0.05960, -3.04018, 0.19892, 0.95177, -1.98018, 0.34729, 0.93531, -3.13597, 0.57108, 0.81891, -2.02346, 0.74200, 0.95736, -2.21098, 0.52069, 0.96468, -2.83002, 0.45688, 0.93171
-3.16828, 0.33087, 0.18069, -2.51931, 0.26675, -0.04856, -3.75178, 0.43781, 0.03999, -2.17829, 0.72389, -0.04300, -3.13565, 0.19513, 0.97326, -2.08721, 0.32595, 0.96084, -3.24840, 0.54030, 0.80226, -2.12087, 0.72168, 0.98141, -2.31455, 0.50572, 0.97491, -2.93359, 0.45033, 0.92519
-3.38401, 0.26946, 0.19525, -2.50775, 0.26994, -0.05471, -3.82757, 0.42222, 0.03748, -2.27125, 0.74025, -0.01080, -3.22532, 0.18715, 0.98385, -2.19414, 0.31537, 0.98893, -3.35356, 0.51875, 0.79054, -2.22858, 0.71078, 1.01388, -2.42163, 0.49550, 0.98976, -3.03888, 0.44127, 0.91992
-3.61492, 0.21419, 0.17760, -2.49229, 0.27199, -0.05686, -3.90732, 0.41227, 0.03806, -2.43415, 0.73377, 0.00585, -3.31410, 0.17170, 0.98270, -2.29837, 0.30995, 1.01632, -3.44921, 0.50681, 0.78286, -2.34039, 0.70464, 1.04108, -2.52831, 0.48655, 1.00472, -3.14237, 0.42607, 0.91597
-3.78501, 0.16391, 0.15615, -2.48239, 0.27248, -0.04950, -3.97030, 0.40215, 0.03817, -2.62508, 0.70970, 0.03072, -3.39849, 0.14157, 0.95409, -2.39984, 0.30606, 1.04104, -3.53564, 0.50404, 0.78202, -2.45116, 0.69987, 1.06205, -2.63285, 0.47765, 1.01954, -3.24253, 0.40548, 0.91324
-3.91440, 0.11057, 0.07621, -2.48890, 0.27452, -0.03769, -4.01779, 0.39485, 0.03849, -2.78881, 0.67046, 0.05160, -3.48487, 0.11284, 0.91600, -2.49848, 0.30318, 1.06287, -3.60826, 0.50562, 0.78782, -2.55896, 0.69595, 1.07826, -2.73472, 0.46926, 1.03447, -3.33800, 0.37970, 0.90946
-4.00151, 0.09532, 0.02550, -2.49991, 0.28662, -0.03122, -4.06637, 0.38980, 0.03969, -2.93953, 0.62908, 0.05690, -3.57130, 0.09080, 0.88800, -2.59202, 0.29973, 1.07871, -3.66617, 0.50265, 0.79949, -2.66146, 0.69119, 1.08836, -2.83210, 0.45989, 1.04861, -3.42741, 0.35136, 0.90542
-4.07634, 0.08543, 0.02640, -2.50646, 0.29912, -0.01556, -4.12578, 0.38527, 0.04136, -3.10818, 0.58138, 0.04087, -3.67079, 0.07143, 0.88683, -2.67382, 0.29481, 1.08752, -3.72225, 0.49132, 0.80785, -2.75434, 0.68425, 1.09017, -2.91901, 0.44736, 1.05916, -3.50953, 0.32754, 0.90518
-4.11211, 0.07494, 0.02341, -2.52813, 0.30759, 0.00714, -4.18955, 0.37876, 0.04246, -3.28467, 0.51874, 0.01472, -3.75345, 0.05900, 0.89201, -2.74190, 0.28928, 1.09023, -3.78217, 0.47825, 0.81260, -2.83862, 0.67502, 1.08750, -2.99410, 0.43089, 1.06703, -3.58393, 0.31055, 0.91017
