5.41107, 0.41475, 0.02806, 5.74543, 0.38183, 0.00932, 5.51929, 0.47652, 0.09264, 6.25692, 0.51376, 0.06680, 5.43762, 0.35326, 0.51615, 5.95982, 0.44913, 0.54188, 5.42509, 0.56849, 0.50323, 5.94108, 0.64486, 0.51223, 5.84562, 0.53849, 0.53716, 5.54060, 0.47534, 0.53167
5.40667, 0.41636, 0.02915, 5.70003, 0.41235, 0.00348, 5.44576, 0.51205, 0.10943, 6.14825, 0.55413, 0.05542, 5.39751, 0.36333, 0.51837, 5.91952, 0.45192, 0.54448, 5.38383, 0.57756, 0.50571, 5.90216, 0.64852, 0.52023, 5.80661, 0.54295, 0.54808, 5.50134, 0.48382, 0.53075
5.40490, 0.41768, 0.03057, 5.69610, 0.42141, -0.00428, 5.35534, 0.54615, 0.11754, 6.00394, 0.59712, 0.03508, 5.35729, 0.37527, 0.51961, 5.88065, 0.45053, 0.54268, 5.34009, 0.58659, 0.50856, 5.86663, 0.64805, 0.52446, 5.77008, 0.54381, 0.55380, 5.46361, 0.49405, 0.52793
5.40305, 0.41848, 0.03253, 5.71256, 0.41889, -0.01508, 5.25693, 0.58010, 0.12259, 5.84357, 0.64239, 0.02594, 5.31840, 0.38860, 0.52012, 5.84219, 0.44587, 0.53225, 5.29809, 0.59682, 0.50838, 5.83493, 0.64438, 0.52331, 5.73518, 0.54231, 0.54944, 5.42664, 0.50609, 0.52416
5.39611, 0.42044, 0.03698, 5.71454, 0.41838, -0.02324, 5.15787, 0.61241, 0.12270, 5.67226, 0.68247, 0.02366, 5.27877, 0.40218, 0.52190, 5.80188, 0.43986, 0.51565, 5.25881, 0.60949, 0.50510, 5.80432, 0.63867, 0.51833, 5.69947, 0.54026, 0.53760, 5.38902, 0.51859, 0.52017
5.38256, 0.42222, 0.04552, 5.71929, 0.42017, -0.02594, 5.05922, 0.64072, 0.11857, 5.52715, 0.70379, 0.00974, 5.23698, 0.41627, 0.52684, 5.76076, 0.43613, 0.49472, 5.22005, 0.62364, 0.49963, 5.77014, 0.63427, 0.50859, 5.66154, 0.53880, 0.52047, 5.35002, 0.53078, 0.51617
5.34779, 0.42965, 0.05546, 5.72712, 0.41998, -0.02710, 4.96366, 0.66779, 0.11200, 5.45030, 0.70678, -0.01538, 5.19299, 0.43194, 0.53591, 5.72016, 0.43796, 0.47121, 5.18154, 0.63787, 0.49486, 5.73068, 0.63434, 0.50062, 5.62101, 0.53936, 0.50180, 5.30951, 0.54266, 0.51265
5.28133, 0.43891, 0.09471, 5.73301, 0.41948, -0.02648, 4.88266, 0.69283, 0.11204, 5.45092, 0.70801, -0.02252, 5.14504, 0.44986, 0.54473, 5.67910, 0.44410, 0.45213, 5.14089, 0.65166, 0.48805, 5.68638, 0.63864, 0.49266, 5.57791, 0.54254, 0.48559, 5.26729, 0.55495, 0.50879
5.19536, 0.45184, 0.12398, 5.74130, 0.41995, -0.02316, 4.81405, 0.72414, 0.10696, 5.46944, 0.71114, -0.02735, 5.10247, 0.46369, 0.55541, 5.63512, 0.45328, 0.44219, 5.09458, 0.66058, 0.48197, 5.63782, 0.64765, 0.48405, 5.53146, 0.54942, 0.47475, 5.22190, 0.56686, 0.50518
5.09595, 0.47492, 0.13480, 5.74769, 0.42174, -0.01795, 4.75445, 0.74734, 0.10166, 5.45057, 0.71832, -0.01948, 5.04714, 0.47838, 0.55800, 5.58828, 0.46526, 0.44243, 5.04543, 0.67161, 0.47927, 5.58498, 0.66189, 0.47184, 5.48140, 0.56045, 0.46618, 5.17290, 0.57986, 0.50199
4.98703, 0.50543, 0.13606, 5.75250, 0.42321, -0.01031, 4.69901, 0.76059, 0.09667, 5.44707, 0.71373, -0.02140, 5.00384, 0.49313, 0.56385, 5.53675, 0.48032, 0.44368, 4.99332, 0.68569, 0.48107, 5.53103, 0.67849, 0.45897, 5.42842, 0.57596, 0.45657, 5.12113, 0.59481, 0.49974
4.87092, 0.53375, 0.13804, 5.75030, 0.42720, 0.00247, 4.66408, 0.77455, 0.08265, 5.46128, 0.71094, -0.02673, 4.96201, 0.50432, 0.56540, 5.48201, 0.49784, 0.44951, 4.93854, 0.69851, 0.48236, 5.47458, 0.69654, 0.44816, 5.37271, 0.59325, 0.45028, 5.06634, 0.60858, 0.49873
4.75772, 0.55615, 0.13649, 5.74328, 0.43515, 0.02268, 4.65379, 0.79588, 0.06091, 5.46831, 0.71117, -0.02858, 4.91232, 0.51425, 0.56181, 5.42462, 0.51563, 0.46058, 4.87809, 0.71004, 0.48379, 5.41724, 0.71365, 0.44398, 5.31537, 0.61054, 0.45033, 5.00915, 0.62158, 0.49862
4.65025, 0.57467, 0.13066, 5.72101, 0.44614, 0.04896, 4.67400, 0.80894, 0.03066, 5.47448, 0.71170, -0.03017, 4.85470, 0.52261, 0.55228, 5.36452, 0.53110, 0.47098, 4.81509, 0.72098, 0.48165, 5.35904, 0.72804, 0.44409, 5.25629, 0.62597, 0.45261, 4.94954, 0.63349, 0.49832
4.55056, 0.58867, 0.13033, 5.66117, 0.46782, 0.06945, 4.67314, 0.81486, 0.02986, 5.48691, 0.71029, -0.02729, 4.78925, 0.52813, 0.53647, 5.30392, 0.54494, 0.48057, 4.75554, 0.73099, 0.47332, 5.30044, 0.74130, 0.44944, 5.19678, 0.64017, 0.45817, 4.88889, 0.64306, 0.49747
4.45733, 0.60082, 0.12611, 5.56438, 0.47931, 0.09333, 4.67382, 0.81979, 0.02843, 5.49634, 0.70777, -0.01427, 4.71912, 0.53390, 0.51867, 5.24442, 0.55712, 0.49061, 4.69747, 0.74152, 0.47035, 5.24020, 0.75367, 0.46079, 5.13709, 0.65177, 0.46671, 4.82795, 0.64972, 0.49661
4.36944, 0.60948, 0.11630, 5.43276, 0.47897, 0.10587, 4.67434, 0.81908, 0.02842, 5.49415, 0.70680, 0.01207, 4.64666, 0.54123, 0.50227, 5.18508, 0.56672, 0.50332, 4.64629, 0.75322, 0.47169, 5.17858, 0.76369, 0.47693, 5.07686, 0.66026, 0.47909, 4.76669, 0.65348, 0.49657
4.28723, 0.61876, 0.10655, 5.28260, 0.48994, 0.10466, 4.67425, 0.81786, 0.02999, 5.46628, 0.71883, 0.04961, 4.57725, 0.54778, 0.48933, 5.12475, 0.57369, 0.51678, 4.60021, 0.76088, 0.47516, 5.11723, 0.77110, 0.49420, 5.01620, 0.66698, 0.49307, 4.70549, 0.65498, 0.49738
4.21296, 0.63143, 0.10176, 5.13053, 0.50239, 0.09742, 4.67173, 0.81811, 0.03343, 5.38322, 0.72917, 0.07291, 4.51306, 0.55233, 0.48143, 5.06433, 0.57888, 0.52937, 4.55396, 0.76367, 0.48165, 5.05487, 0.77645, 0.50894, 4.95489, 0.67135, 0.50649, 4.64410, 0.65477, 0.49994
4.14568, 0.64533, 0.10071, 4.98268, 0.51314, 0.07843, 4.66514, 0.82001, 0.03796, 5.23991, 0.75113, 0.07559, 4.45275, 0.55359, 0.47834, 5.00390, 0.58276, 0.53961, 4.50074, 0.76311, 0.48848, 4.99164, 0.78029, 0.52040, 4.89293, 0.67396, 0.51920, 4.58237, 0.65343, 0.50453
4.08289, 0.65752, 0.10341, 4.83650, 0.52597, 0.05338, 4.64911, 0.82065, 0.04671, 5.07705, 0.76699, 0.08287, 4.39372, 0.55333, 0.47999, 4.94374, 0.58458, 0.54677, 4.44423, 0.76172, 0.49484, 4.92938, 0.78229, 0.53112, 4.83150, 0.67520, 0.53131, 4.52143, 0.65167, 0.50925
4.02182, 0.66663, 0.10841, 4.70347, 0.53784, 0.02571, 4.61391, 0.82174, 0.05826, 4.91068, 0.77541, 0.08211, 4.33515, 0.55333, 0.48370, 4.88425, 0.58426, 0.55218, 4.38195, 0.76280, 0.50245, 4.86905, 0.78221, 0.54099, 4.77148, 0.67483, 0.54089, 4.46191, 0.65026, 0.51301
3.95748, 0.67144, 0.11410, 4.61978, 0.56201, 0.00744, 4.52579, 0.81639, 0.08836, 4.75041, 0.77166, 0.06779, 4.27603, 0.55430, 0.48544, 4.82505, 0.58253, 0.55572, 4.31877, 0.76501, 0.50294, 4.80988, 0.78071, 0.54985, 4.71226, 0.67341, 0.54736, 4.40317, 0.64936, 0.51481
3.88933, 0.67071, 0.11771, 4.59359, 0.59542, -0.00101, 4.40191, 0.81466, 0.11851, 4.60685, 0.77001, 0.03588, 4.21658, 0.55778, 0.48459, 4.76613, 0.58050, 0.55341, 4.25817, 0.76769, 0.51090, 4.75001, 0.77868, 0.55538, 4.65283, 0.67108, 0.55036, 4.34395, 0.64998, 0.51528
3.82012, 0.66739, 0.11840, 4.61632, 0.61432, -0.01671, 4.25771, 0.80844, 0.13520, 4.52022, 0.76727, -0.00725, 4.15590, 0.56132, 0.48203, 4.70729, 0.57868, 0.54602, 4.19670, 0.76885, 0.52267, 4.68917, 0.77630, 0.55850, 4.59305, 0.66807, 0.54869, 4.28407, 0.65060, 0.51447
3.75254, 0.66585, 0.11734, 4.61626, 0.61612, -0.02307, 4.10548, 0.79562, 0.14985, 4.50800, 0.76473, -0.01840, 4.09426, 0.56383, 0.47823, 4.64810, 0.57793, 0.53417, 4.13448, 0.76841, 0.53276, 4.62662, 0.77420, 0.55775, 4.53236, 0.66508, 0.54171, 4.22288, 0.65097, 0.51365
3.69364, 0.66416, 0.10765, 4.61638, 0.61412, -0.02523, 3.95509, 0.78574, 0.16324, 4.52979, 0.76902, -0.02165, 4.03145, 0.56499, 0.47516, 4.58817, 0.57876, 0.52114, 4.07189, 0.76880, 0.53468, 4.56207, 0.77357, 0.55128, 4.47044, 0.66305, 0.53032, 4.16033, 0.65082, 0.51331
3.64679, 0.66184, 0.08508, 4.62824, 0.61366, -0.02325, 3.81431, 0.78098, 0.16483, 4.52659, 0.77112, -0.02393, 3.96504, 0.56640, 0.47281, 4.52617, 0.58011, 0.50821, 4.00158, 0.77095, 0.53011, 4.49693, 0.77369, 0.54298, 4.40728, 0.66292, 0.51573, 4.09675, 0.65117, 0.51188
3.61064, 0.66442, 0.05862, 4.63860, 0.61313, -0.01203, 3.67813, 0.78070, 0.15396, 4.52001, 0.76981, -0.02611, 3.89636, 0.56826, 0.47119, 4.46052, 0.58489, 0.51012, 3.92644, 0.77351, 0.52267, 4.42852, 0.78035, 0.52773, 4.34064, 0.66659, 0.50819, 4.03032, 0.65351, 0.51028
3.59278, 0.67038, 0.02699, 4.63924, 0.60877, 0.02048, 3.56030, 0.78125, 0.14297, 4.53765, 0.77142, -0.01732, 3.82817, 0.57039, 0.46848, 4.39376, 0.59750, 0.51848, 3.84611, 0.77582, 0.50624, 4.36080, 0.79339, 0.52756, 4.27319, 0.67819, 0.51732, 3.96319, 0.65919, 0.51194
3.57048, 0.67642, 0.01852, 4.59079, 0.59569, 0.05808, 3.46616, 0.78767, 0.10470, 4.53621, 0.77228, 0.01233, 3.75849, 0.57085, 0.46682, 4.32242, 0.60586, 0.52677, 3.75894, 0.77268, 0.48851, 4.29036, 0.80209, 0.52859, 4.20216, 0.68698, 0.52426, 3.89234, 0.66598, 0.51224
3.57168, 0.68146, 0.01440, 4.49093, 0.59967, 0.09200, 3.40681, 0.78628, 0.05953, 4.48917, 0.78852, 0.05463, 3.68982, 0.56976, 0.46512, 4.24810, 0.60956, 0.53457, 3.67622, 0.76658, 0.47304, 4.21948, 0.80633, 0.53646, 4.12923, 0.69275, 0.53450, 3.81972, 0.67213, 0.51223
3.57188, 0.68268, 0.01404, 4.33525, 0.58632, 0.10660, 3.37031, 0.78542, 0.02962, 4.37629, 0.80303, 0.08498, 3.63326, 0.56470, 0.46586, 4.17260, 0.60980, 0.53803, 3.59965, 0.76184, 0.46320, 4.15206, 0.80754, 0.54202, 4.05726, 0.69772, 0.54193, 3.74785, 0.67889, 0.51209
3.57407, 0.68158, 0.01481, 4.14916, 0.57623, 0.10024, 3.34438, 0.79183, 0.02487, 4.20024, 0.82483, 0.09030, 3.59033, 0.56140, 0.47515, 4.10057, 0.60922, 0.54080, 3.53233, 0.76072, 0.45866, 4.08601, 0.80747, 0.54585, 3.98811, 0.70046, 0.54965, 3.67890, 0.68539, 0.51454
3.57507, 0.67700, 0.01970, 3.94788, 0.57712, 0.08541, 3.34157, 0.78897, 0.02311, 4.00734, 0.83585, 0.07846, 3.54082, 0.56458, 0.49331, 4.03273, 0.60878, 0.54088, 3.48057, 0.76748, 0.46693, 4.02203, 0.80715, 0.54959, 3.92264, 0.70177, 0.55772, 3.61318, 0.69033, 0.52540
3.56978, 0.67148, 0.03354, 3.75476, 0.58011, 0.07158, 3.34219, 0.78991, 0.02489, 3.79807, 0.83549, 0.06552, 3.48353, 0.56549, 0.52147, 3.97000, 0.60786, 0.53705, 3.43637, 0.76915, 0.48920, 3.96230, 0.80602, 0.55165, 3.86268, 0.70140, 0.56504, 3.55244, 0.69049, 0.54710
3.54080, 0.66990, 0.06242, 3.61540, 0.58831, 0.02581, 3.33662, 0.79107, 0.03251, 3.61116, 0.82537, 0.04819, 3.42900, 0.56580, 0.55053, 3.91260, 0.60869, 0.53184, 3.38897, 0.76781, 0.52393, 3.90442, 0.80682, 0.54659, 3.80810, 0.70121, 0.57145, 3.49831, 0.68794, 0.57675
3.47280, 0.66080, 0.10177, 3.55424, 0.60827, -0.00246, 3.31195, 0.79120, 0.05880, 3.50620, 0.84229, 0.00118, 3.37145, 0.56071, 0.58728, 3.85551, 0.61251, 0.51829, 3.33092, 0.76527, 0.56717, 3.84367, 0.81043, 0.53328, 3.75419, 0.70239, 0.57028, 3.44755, 0.68401, 0.60870
3.36773, 0.65779, 0.16448, 3.54640, 0.61006, -0.01823, 3.26860, 0.79054, 0.11290, 3.46639, 0.81636, -0.01764, 3.31245, 0.55183, 0.64325, 3.79367, 0.61604, 0.49695, 3.27271, 0.76144, 0.61934, 3.78019, 0.81381, 0.51254, 3.69716, 0.70449, 0.55948, 3.39811, 0.67886, 0.63961
3.24111, 0.65295, 0.25513, 3.54474, 0.60936, -0.02595, 3.21016, 0.78230, 0.19753, 3.45575, 0.83681, -0.01292, 3.26288, 0.54551, 0.70746, 3.72786, 0.62186, 0.47797, 3.21695, 0.75451, 0.67304, 3.70958, 0.81871, 0.49934, 3.63035, 0.70599, 0.54478, 3.34730, 0.67343, 0.67103
3.11400, 0.63927, 0.35231, 3.54876, 0.60792, -0.02978, 3.12338, 0.77080, 0.29819, 3.45803, 0.83409, -0.02100, 3.22311, 0.54786, 0.77019, 3.66009, 0.62814, 0.47365, 3.16287, 0.74978, 0.73010, 3.63305, 0.82372, 0.49727, 3.55622, 0.70722, 0.53695, 3.29531, 0.66904, 0.70341
2.99537, 0.62224, 0.46167, 3.55639, 0.61090, -0.03021, 3.02082, 0.75796, 0.41018, 3.45810, 0.83442, -0.02397, 3.17437, 0.56015, 0.82851, 3.59242, 0.63375, 0.49592, 3.10819, 0.74593, 0.79046, 3.55424, 0.82804, 0.51418, 3.48218, 0.70842, 0.55353, 3.23640, 0.66470, 0.73937
2.88864, 0.60609, 0.57857, 3.56576, 0.61645, -0.02522, 2.92117, 0.74183, 0.53038, 3.46944, 0.83262, -0.02943, 3.10374, 0.57130, 0.88265, 3.52383, 0.63493, 0.52797, 3.05231, 0.73691, 0.85136, 3.47643, 0.82775, 0.53845, 3.40926, 0.70640, 0.58101, 3.17469, 0.66061, 0.77990
2.78877, 0.59712, 0.68697, 3.57566, 0.61923, -0.00419, 2.82690, 0.72649, 0.64484, 3.49377, 0.82738, -0.02020, 3.01625, 0.57649, 0.92772, 3.45254, 0.63309, 0.56327, 2.98585, 0.72276, 0.90328, 3.40273, 0.82545, 0.57086, 3.33730, 0.70396, 0.61567, 3.10725, 0.65774, 0.82017
2.68771, 0.59226, 0.76835, 3.54050, 0.61019, 0.02064, 2.73345, 0.71730, 0.72699, 3.48745, 0.81823, 0.00214, 2.92604, 0.57145, 0.95294, 3.38154, 0.62606, 0.59840, 2.90911, 0.71391, 0.93489, 3.33386, 0.81905, 0.60261, 3.26802, 0.69929, 0.65129, 3.03518, 0.65385, 0.85321
2.59205, 0.58353, 0.82055, 3.45426, 0.59879, 0.03891, 2.64312, 0.70902, 0.76894, 3.41323, 0.82125, 0.02361, 2.84476, 0.56112, 0.96201, 3.31394, 0.62126, 0.62960, 2.82889, 0.71158, 0.94756, 3.26688, 0.81446, 0.63011, 3.20111, 0.69597, 0.68191, 2.96045, 0.64973, 0.87434
2.50759, 0.57398, 0.84771, 3.34862, 0.60036, 0.05111, 2.55329, 0.69862, 0.79109, 3.30443, 0.79350, 0.03358, 2.76733, 0.55348, 0.95894, 3.24913, 0.61652, 0.65246, 2.75515, 0.71131, 0.94710, 3.20353, 0.81006, 0.65200, 3.13663, 0.69228, 0.70398, 2.88486, 0.64642, 0.88165
2.42772, 0.56472, 0.85650, 3.24043, 0.59576, 0.06797, 2.46711, 0.68727, 0.80173, 3.20094, 0.75747, 0.04854, 2.69239, 0.54624, 0.94586, 3.18721, 0.61257, 0.66808, 2.68544, 0.71428, 0.93860, 3.14313, 0.80647, 0.66769, 3.07477, 0.68907, 0.71861, 2.81317, 0.64303, 0.88129
2.35375, 0.55386, 0.85009, 3.11141, 0.59084, 0.09019, 2.38797, 0.67771, 0.80118, 3.08514, 0.72647, 0.06743, 2.62165, 0.53890, 0.92906, 3.12605, 0.60800, 0.67712, 2.61559, 0.71542, 0.92343, 3.08492, 0.80255, 0.67828, 3.01417, 0.68567, 0.72711, 2.74385, 0.63938, 0.87481
2.28988, 0.54156, 0.82863, 2.99064, 0.59030, 0.13262, 2.31423, 0.66713, 0.78952, 2.98074, 0.69327, 0.10186, 2.55384, 0.53307, 0.91428, 3.06393, 0.60306, 0.68207, 2.54703, 0.71521, 0.90697, 3.02618, 0.79826, 0.68553, 2.95288, 0.68198, 0.73195, 2.67557, 0.63544, 0.86610
2.22209, 0.53564, 0.81188, 2.86986, 0.58418, 0.19551, 2.24469, 0.65645, 0.77175, 2.87910, 0.67514, 0.15503, 2.48917, 0.52684, 0.90150, 3.00066, 0.59865, 0.68429, 2.47986, 0.71316, 0.89327, 2.96485, 0.79412, 0.69125, 2.89070, 0.67780, 0.73620, 2.60777, 0.63117, 0.85814
2.15430, 0.53188, 0.80344, 2.75359, 0.58269, 0.28352, 2.17937, 0.64634, 0.75844, 2.77222, 0.65736, 0.24116, 2.42293, 0.52216, 0.90062, 2.93680, 0.59495, 0.69262, 2.41510, 0.71134, 0.88953, 2.90065, 0.79021, 0.70297, 2.82768, 0.67308, 0.74774, 2.54071, 0.62683, 0.86004
2.08489, 0.52882, 0.79102, 2.64977, 0.58844, 0.38460, 2.11545, 0.63743, 0.74277, 2.68205, 0.63400, 0.34757, 2.35590, 0.51819, 0.90401, 2.87245, 0.59146, 0.70149, 2.34882, 0.70843, 0.88852, 2.83396, 0.78609, 0.71491, 2.76301, 0.66744, 0.75893, 2.47316, 0.62233, 0.86406
2.01580, 0.52769, 0.78109, 2.56878, 0.59135, 0.49150, 2.05293, 0.63006, 0.73032, 2.64251, 0.64335, 0.39126, 2.28909, 0.51415, 0.91613, 2.80749, 0.58804, 0.71550, 2.28176, 0.70444, 0.89625, 2.76779, 0.78184, 0.73560, 2.69829, 0.66132, 0.77677, 2.40609, 0.61770, 0.87578
1.94785, 0.52776, 0.76364, 2.49959, 0.58638, 0.56273, 1.99028, 0.62415, 0.71281, 2.51104, 0.63267, 0.48399, 2.22160, 0.51100, 0.92688, 2.74208, 0.58390, 0.72836, 2.21311, 0.69986, 0.90315, 2.70355, 0.77697, 0.75626, 2.63382, 0.65529, 0.79343, 2.33927, 0.61316, 0.88572
1.88233, 0.52873, 0.73838, 2.43191, 0.57031, 0.61412, 1.92704, 0.61929, 0.69098, 2.40900, 0.64996, 0.58731, 2.15381, 0.50858, 0.93423, 2.67777, 0.57756, 0.74144, 2.14284, 0.69463, 0.90636, 2.64158, 0.77029, 0.77434, 2.56934, 0.64866, 0.80653, 2.27246, 0.60845, 0.89191
1.81890, 0.53013, 0.70761, 2.36297, 0.54624, 0.64009, 1.86292, 0.61510, 0.66646, 2.33939, 0.65839, 0.60959, 2.08687, 0.50524, 0.93769, 2.61652, 0.56937, 0.76001, 2.07206, 0.68850, 0.90560, 2.58161, 0.76277, 0.79029, 2.50645, 0.64231, 0.82012, 2.20673, 0.60348, 0.89560
1.75771, 0.53008, 0.67288, 2.29666, 0.53039, 0.65263, 1.79809, 0.61186, 0.63971, 2.27600, 0.66542, 0.61288, 2.02070, 0.50017, 0.93755, 2.55516, 0.56113, 0.77946, 2.00098, 0.68229, 0.90144, 2.52187, 0.75518, 0.80733, 2.44417, 0.63593, 0.83547, 2.14132, 0.59849, 0.89796
1.69840, 0.52886, 0.63588, 2.23023, 0.52394, 0.65347, 1.73309, 0.61063, 0.61061, 2.21996, 0.67339, 0.63943, 1.95463, 0.49375, 0.93343, 2.49191, 0.55348, 0.79675, 1.93036, 0.67666, 0.89416, 2.46251, 0.74779, 0.82705, 2.38081, 0.63011, 0.84999, 2.07524, 0.59385, 0.89865
1.63986, 0.52735, 0.59842, 2.16874, 0.52371, 0.64302, 1.66751, 0.61070, 0.57936, 2.17330, 0.66621, 0.63461, 1.88982, 0.48512, 0.92529, 2.42792, 0.54631, 0.81454, 1.86113, 0.67180, 0.88430, 2.40127, 0.74076, 0.84642, 2.31606, 0.62460, 0.86359, 2.00837, 0.58912, 0.89765
1.58136, 0.52579, 0.56218, 2.11723, 0.52861, 0.63150, 1.60020, 0.61064, 0.54621, 2.13615, 0.66056, 0.62570, 1.82539, 0.47516, 0.91310, 2.36275, 0.53863, 0.83325, 1.79350, 0.66758, 0.87416, 2.33725, 0.73351, 0.86345, 2.24957, 0.61862, 0.87615, 1.94039, 0.58413, 0.89491
1.52296, 0.52274, 0.52746, 2.07455, 0.53472, 0.62264, 1.52938, 0.60989, 0.51161, 2.10097, 0.65434, 0.61863, 1.76441, 0.46486, 0.89657, 2.29603, 0.53043, 0.85151, 1.72701, 0.66436, 0.86294, 2.27150, 0.72590, 0.87845, 2.18155, 0.61236, 0.88656, 1.87161, 0.57926, 0.88959
1.46414, 0.52001, 0.49396, 2.03830, 0.54466, 0.60772, 1.45858, 0.60901, 0.47745, 2.06330, 0.64734, 0.60928, 1.70853, 0.45602, 0.87634, 2.22775, 0.52256, 0.86839, 1.66266, 0.66169, 0.84889, 2.20458, 0.71868, 0.89168, 2.11240, 0.60667, 0.89427, 1.80260, 0.57436, 0.88133
1.39672, 0.50811, 0.44108, 2.00790, 0.55477, 0.59096, 1.39056, 0.60625, 0.44529, 2.03641, 0.63961, 0.59423, 1.62841, 0.45027, 0.86247, 2.15744, 0.51483, 0.88346, 1.59888, 0.65827, 0.83069, 2.13552, 0.71136, 0.90431, 2.04172, 0.60076, 0.90001, 1.73304, 0.56951, 0.86990
1.33351, 0.50441, 0.41501, 1.98231, 0.55944, 0.57663, 1.32275, 0.59966, 0.41450, 2.02141, 0.62968, 0.58779, 1.55017, 0.44706, 0.84157, 2.08579, 0.50762, 0.89702, 1.53213, 0.65540, 0.81183, 2.06515, 0.70444, 0.91638, 1.97041, 0.59535, 0.90330, 1.66379, 0.56585, 0.85647
1.27069, 0.50072, 0.39019, 1.96029, 0.56383, 0.56722, 1.25511, 0.59165, 0.38467, 1.99997, 0.62637, 0.58290, 1.48624, 0.44174, 0.82191, 2.01205, 0.50035, 0.90759, 1.46610, 0.65191, 0.79117, 1.99198, 0.69722, 0.92706, 1.89766, 0.58950, 0.90359, 1.59411, 0.56246, 0.84015
1.20681, 0.49610, 0.36525, 1.93866, 0.57000, 0.56308, 1.18777, 0.58367, 0.35555, 1.97270, 0.61836, 0.57918, 1.42197, 0.43673, 0.80091, 1.93669, 0.49335, 0.91443, 1.39967, 0.64791, 0.76880, 1.91597, 0.69009, 0.93453, 1.82380, 0.58339, 0.90036, 1.52424, 0.55882, 0.82123
1.14217, 0.48884, 0.33958, 1.91504, 0.57050, 0.56087, 1.12025, 0.57594, 0.32601, 1.93998, 0.61422, 0.57866, 1.35719, 0.43232, 0.77803, 1.85993, 0.48667, 0.91693, 1.33184, 0.64368, 0.74426, 1.83758, 0.68321, 0.93730, 1.74899, 0.57711, 0.89322, 1.45404, 0.55511, 0.79990
1.07617, 0.48134, 0.31217, 1.88978, 0.56818, 0.55797, 1.05275, 0.56847, 0.29500, 1.91119, 0.61605, 0.57772, 1.29127, 0.42830, 0.75225, 1.78247, 0.48003, 0.91390, 1.26319, 0.63952, 0.71756, 1.75791, 0.67626, 0.93459, 1.67379, 0.57057, 0.88166, 1.38363, 0.55118, 0.77605
1.00901, 0.47475, 0.28158, 1.86156, 0.56407, 0.55284, 0.98604, 0.56090, 0.26158, 1.88384, 0.61978, 0.57396, 1.22440, 0.42441, 0.72303, 1.70523, 0.47318, 0.90491, 1.19451, 0.63530, 0.68782, 1.67834, 0.66905, 0.92615, 1.59927, 0.56390, 0.86500, 1.31347, 0.54709, 0.74937
0.94190, 0.46889, 0.24704, 1.82879, 0.56104, 0.54639, 0.92070, 0.55367, 0.22419, 1.85257, 0.62116, 0.56561, 1.15686, 0.42022, 0.69057, 1.62891, 0.46591, 0.88979, 1.12614, 0.63062, 0.65471, 1.59989, 0.66138, 0.91191, 1.52571, 0.55693, 0.84381, 1.24373, 0.54255, 0.71980
0.87560, 0.46395, 0.20405, 1.78983, 0.55753, 0.53299, 0.85644, 0.54755, 0.17926, 1.81568, 0.61745, 0.54852, 1.08831, 0.41570, 0.65092, 1.55280, 0.45796, 0.86584, 1.05828, 0.62565, 0.61447, 1.52292, 0.65317, 0.88903, 1.45241, 0.54984, 0.81555, 1.17417, 0.53765, 0.68337
0.81334, 0.45890, 0.17262, 1.74745, 0.55246, 0.53075, 0.79771, 0.54216, 0.14602, 1.77403, 0.60888, 0.54044, 1.02250, 0.41084, 0.62380, 1.47972, 0.44885, 0.85459, 0.99379, 0.62041, 0.58690, 1.45127, 0.64416, 0.87875, 1.38237, 0.54245, 0.80157, 1.10851, 0.53243, 0.65992
0.75400, 0.45442, 0.14822, 1.69828, 0.54615, 0.53368, 0.74496, 0.53874, 0.11815, 1.72495, 0.59600, 0.53468, 0.95920, 0.40602, 0.60348, 1.40995, 0.43994, 0.85038, 0.93218, 0.61514, 0.56645, 1.38336, 0.63540, 0.87544, 1.31526, 0.53523, 0.79558, 1.04638, 0.52719, 0.64379
0.69735, 0.45053, 0.12861, 1.64144, 0.53799, 0.53909, 0.69968, 0.53716, 0.09230, 1.66558, 0.58531, 0.52764, 0.89835, 0.40125, 0.58767, 1.34288, 0.43145, 0.85062, 0.87360, 0.60981, 0.55011, 1.31744, 0.62690, 0.87694, 1.25057, 0.52817, 0.79429, 0.98728, 0.52187, 0.63200
0.64287, 0.44758, 0.11045, 1.57562, 0.52944, 0.54384, 0.66339, 0.53805, 0.06541, 1.59430, 0.57761, 0.51976, 0.83971, 0.39674, 0.57310, 1.27654, 0.42387, 0.85382, 0.81711, 0.60447, 0.53523, 1.25216, 0.61939, 0.88055, 1.18695, 0.52181, 0.79526, 0.93028, 0.51671, 0.62189
0.59205, 0.44657, 0.09076, 1.50022, 0.52003, 0.54375, 0.63529, 0.54142, 0.03806, 1.51046, 0.57164, 0.50802, 0.78229, 0.39236, 0.55756, 1.21097, 0.41762, 0.85643, 0.76166, 0.59888, 0.51959, 1.18734, 0.61330, 0.88275, 1.12354, 0.51625, 0.79579, 0.87438, 0.51161, 0.61114
0.54577, 0.44484, 0.06612, 1.41450, 0.51094, 0.53382, 0.61273, 0.54617, 0.01021, 1.41612, 0.56527, 0.48817, 0.72483, 0.38830, 0.53878, 1.14570, 0.41182, 0.85494, 0.70741, 0.59352, 0.50050, 1.12328, 0.60778, 0.88023, 1.05973, 0.51088, 0.79293, 0.81836, 0.50649, 0.59752
0.50552, 0.44212, 0.03505, 1.32052, 0.50027, 0.50964, 0.59225, 0.55021, -0.00838, 1.31284, 0.56280, 0.45532, 0.66627, 0.38474, 0.51532, 1.08046, 0.40616, 0.84571, 0.65627, 0.59011, 0.47687, 1.06010, 0.60247, 0.86993, 0.99519, 0.50570, 0.78350, 0.76135, 0.50122, 0.57850
0.46859, 0.44481, 0.01018, 1.21975, 0.48779, 0.46753, 0.60663, 0.54474, 0.00828, 1.20381, 0.56535, 0.40639, 0.60670, 0.38406, 0.49111, 1.01591, 0.40134, 0.82692, 0.59953, 0.59186, 0.45638, 0.99812, 0.59807, 0.84972, 0.93037, 0.50120, 0.76560, 0.70085, 0.49859, 0.55557
0.45977, 0.45262, 0.01235, 1.11203, 0.47231, 0.40403, 0.61285, 0.54716, 0.01841, 1.09073, 0.57372, 0.33834, 0.54023, 0.37112, 0.47286, 0.95301, 0.39760, 0.79547, 0.55138, 0.58288, 0.43871, 0.93743, 0.59466, 0.81693, 0.86523, 0.49732, 0.73718, 0.63207, 0.48802, 0.53232
0.46551, 0.45327, 0.01284, 0.99513, 0.45254, 0.32114, 0.61444, 0.55136, 0.01987, 0.97147, 0.58316, 0.24962, 0.47476, 0.36142, 0.45032, 0.89299, 0.39445, 0.75099, 0.50429, 0.56780, 0.42263, 0.87973, 0.59187, 0.77069, 0.80087, 0.49361, 0.69875, 0.55962, 0.47873, 0.50560
0.46798, 0.45157, 0.01219, 0.87155, 0.43034, 0.23182, 0.61279, 0.55566, 0.02153, 0.84612, 0.59042, 0.15379, 0.42278, 0.35618, 0.43442, 0.84627, 0.39222, 0.70770, 0.44229, 0.55900, 0.40948, 0.83477, 0.59018, 0.72247, 0.74838, 0.48971, 0.66340, 0.49318, 0.47255, 0.48847
0.47105, 0.44841, 0.01439, 0.74932, 0.40632, 0.14110, 0.60424, 0.55646, 0.02745, 0.72972, 0.58800, 0.06310, 0.36573, 0.34736, 0.43287, 0.81159, 0.39315, 0.66525, 0.37318, 0.55258, 0.40962, 0.79853, 0.59152, 0.66956, 0.70760, 0.48680, 0.62699, 0.43235, 0.46528, 0.48402
0.47077, 0.44349, 0.01998, 0.64282, 0.38502, 0.05258, 0.58001, 0.55321, 0.03962, 0.65927, 0.57683, 0.00618, 0.30352, 0.33703, 0.43803, 0.77451, 0.39295, 0.62555, 0.29631, 0.54799, 0.42067, 0.75805, 0.59105, 0.62086, 0.66645, 0.48291, 0.58981, 0.37387, 0.45707, 0.48615
0.46490, 0.43690, 0.02921, 0.57584, 0.37175, -0.01054, 0.53314, 0.54551, 0.05481, 0.61372, 0.55917, -0.02388, 0.23706, 0.32858, 0.44598, 0.73485, 0.39354, 0.57835, 0.21703, 0.54338, 0.43600, 0.71286, 0.59112, 0.57424, 0.62120, 0.48045, 0.55428, 0.31745, 0.44979, 0.49109
0.44852, 0.42706, 0.04184, 0.56044, 0.37366, -0.02457, 0.43132, 0.53152, 0.08842, 0.62486, 0.56716, -0.02430, 0.17312, 0.32176, 0.45545, 0.68854, 0.39249, 0.52807, 0.15026, 0.53574, 0.44918, 0.66129, 0.58945, 0.52662, 0.57065, 0.47648, 0.51820, 0.26132, 0.44355, 0.49652
0.41100, 0.42023, 0.06210, 0.57655, 0.37321, -0.03002, 0.28772, 0.51005, 0.11734, 0.62156, 0.56932, -0.02967, 0.11595, 0.31634, 0.46469, 0.63524, 0.38890, 0.48576, 0.07827, 0.52747, 0.46453, 0.60386, 0.58525, 0.48753, 0.51522, 0.47038, 0.48787, 0.20529, 0.43857, 0.50030
0.32729, 0.40455, 0.07041, 0.56568, 0.37310, -0.03156, 0.11985, 0.48408, 0.12562, 0.61370, 0.57164, -0.03228, 0.05212, 0.31016, 0.47566, 0.57379, 0.38296, 0.46110, 0.00476, 0.51816, 0.48298, 0.54259, 0.57906, 0.47172, 0.45401, 0.46415, 0.47161, 0.14530, 0.43366, 0.50126
0.18506, 0.38810, 0.08702, 0.57549, 0.37657, -0.03390, -0.05774, 0.46266, 0.13631, 0.62639, 0.56981, -0.03456, -0.02123, 0.30188, 0.49243, 0.50712, 0.37710, 0.44987, -0.06393, 0.50786, 0.50280, 0.47504, 0.57294, 0.46239, 0.38698, 0.45765, 0.46119, 0.07987, 0.42710, 0.50122
0.01605, 0.37298, 0.09412, 0.58701, 0.38067, -0.03046, -0.22020, 0.45191, 0.15119, 0.64991, 0.56819, -0.02694, -0.09552, 0.29285, 0.50868, 0.43827, 0.36847, 0.45184, -0.13150, 0.49511, 0.51305, 0.40639, 0.56433, 0.46442, 0.31804, 0.44944, 0.45793, 0.01222, 0.41791, 0.50123
-0.14960, 0.35697, 0.09803, 0.59795, 0.38350, -0.01882, -0.36177, 0.44062, 0.14596, 0.65744, 0.56314, -0.00467, -0.17654, 0.28982, 0.51663, 0.36633, 0.35609, 0.46159, -0.19989, 0.49010, 0.51196, 0.33697, 0.55222, 0.47611, 0.24737, 0.43914, 0.46089, -0.05827, 0.41016, 0.50084
-0.30902, 0.33108, 0.10067, 0.59545, 0.38492, 0.00312, -0.49459, 0.42670, 0.12883, 0.63624, 0.55879, 0.02554, -0.24810, 0.28515, 0.52181, 0.29221, 0.34275, 0.47710, -0.26399, 0.48832, 0.49990, 0.26547, 0.53925, 0.49163, 0.17504, 0.42798, 0.46949, -0.13197, 0.40099, 0.49783
-0.45711, 0.30430, 0.09853, 0.56586, 0.37791, 0.02697, -0.58728, 0.42696, 0.08286, 0.58524, 0.56041, 0.04741, -0.32027, 0.27839, 0.51869, 0.21384, 0.32957, 0.49286, -0.33740, 0.48327, 0.48112, 0.19019, 0.52643, 0.50785, 0.09903, 0.41723, 0.47934, -0.20927, 0.39297, 0.49374
-0.59745, 0.28552, 0.09737, 0.51073, 0.36500, 0.04573, -0.63350, 0.43070, 0.03662, 0.50716, 0.53993, 0.06369, -0.38952, 0.26814, 0.51008, 0.13337, 0.31762, 0.50585, -0.41541, 0.47427, 0.46076, 0.11257, 0.51454, 0.52396, 0.02085, 0.40767, 0.48912, -0.28827, 0.38604, 0.48911
-0.72344, 0.26828, 0.10402, 0.42204, 0.35302, 0.05529, -0.65720, 0.42833, 0.02342, 0.41531, 0.51562, 0.08172, -0.46251, 0.25640, 0.49202, 0.05197, 0.30767, 0.51631, -0.49909, 0.46410, 0.44630, 0.03249, 0.50439, 0.53780, -0.05915, 0.39915, 0.49808, -0.36841, 0.37932, 0.48374
-0.83826, 0.24952, 0.10093, 0.32709, 0.33882, 0.07771, -0.66928, 0.43224, 0.02024, 0.30561, 0.50039, 0.08914, -0.54318, 0.24530, 0.47154, -0.02910, 0.29976, 0.52552, -0.58236, 0.45283, 0.43160, -0.04945, 0.49620, 0.54868, -0.13975, 0.39134, 0.50510, -0.44835, 0.37050, 0.47804
-0.94379, 0.23702, 0.09041, 0.21865, 0.31963, 0.09344, -0.66858, 0.43114, 0.02018, 0.17763, 0.48515, 0.09045, -0.62584, 0.23041, 0.45353, -0.10930, 0.29438, 0.53455, -0.65353, 0.44057, 0.41823, -0.13297, 0.49075, 0.55497, -0.22029, 0.38431, 0.50920, -0.52737, 0.35587, 0.47201
-1.03405, 0.23916, 0.07297, 0.08703, 0.30022, 0.09634, -0.67157, 0.43285, 0.02219, 0.03995, 0.46918, 0.09658, -0.70936, 0.21753, 0.44100, -0.18764, 0.29107, 0.54142, -0.71048, 0.43015, 0.40631, -0.21488, 0.48742, 0.55705, -0.29958, 0.37857, 0.51203, -0.60443, 0.34038, 0.46466
-1.10233, 0.24377, 0.04644, -0.05412, 0.28505, 0.09798, -0.67579, 0.43617, 0.02511, -0.09842, 0.45735, 0.10207, -0.79462, 0.21178, 0.43646, -0.26256, 0.28828, 0.54824, -0.76266, 0.42099, 0.40173, -0.29253, 0.48470, 0.55604, -0.37593, 0.37290, 0.51609, -0.67837, 0.32698, 0.45929
-1.14687, 0.25618, 0.01699, -0.19497, 0.26723, 0.09775, -0.68596, 0.43406, 0.03027, -0.23771, 0.44682, 0.09900, -0.87788, 0.21191, 0.43371, -0.33304, 0.28536, 0.55325, -0.82266, 0.41501, 0.40939, -0.36681, 0.48132, 0.55215, -0.44850, 0.36616, 0.51874, -0.74907, 0.31544, 0.45598
-1.19120, 0.26011, 0.01254, -0.33409, 0.25147, 0.09438, -0.71741, 0.42716, 0.04166, -0.38550, 0.43666, 0.09005, -0.95546, 0.20965, 0.41993, -0.39905, 0.27987, 0.55379, -0.89490, 0.40815, 0.41909, -0.43693, 0.47501, 0.54904, -0.51715, 0.35744, 0.52090, -0.81587, 0.30355, 0.45121
-1.22490, 0.26279, 0.01208, -0.47021, 0.23543, 0.08731, -0.77763, 0.41504, 0.08023, -0.53717, 0.42610, 0.07935, -1.01505, 0.19629, 0.40687, -0.46156, 0.26964, 0.55058, -0.96436, 0.39612, 0.42547, -0.50242, 0.46424, 0.55081, -0.58221, 0.34593, 0.52463, -0.87913, 0.29039, 0.44803
-1.24888, 0.26249, 0.01229, -0.60489, 0.21469, 0.07564, -0.86863, 0.40402, 0.10048, -0.68091, 0.41331, 0.05877, -1.06431, 0.17759, 0.40263, -0.52170, 0.25746, 0.54549, -1.03349, 0.38181, 0.43413, -0.56477, 0.45142, 0.55362, -0.64431, 0.33292, 0.52756, -0.94075, 0.27764, 0.44860
-1.26393, 0.25821, 0.01221, -0.73719, 0.19298, 0.05806, -0.97958, 0.39161, 0.11073, -0.81187, 0.39496, 0.01997, -1.11515, 0.16298, 0.40249, -0.57732, 0.24631, 0.53870, -1.09527, 0.36967, 0.43886, -0.62226, 0.43959, 0.55137, -0.70147, 0.32048, 0.52711, -0.99927, 0.26715, 0.45193
-1.28631, 0.25272, 0.01296, -0.86630, 0.17186, 0.03690, -1.09993, 0.37686, 0.10641, -0.91656, 0.37452, -0.01478, -1.16524, 0.15436, 0.40323, -0.62943, 0.23751, 0.53074, -1.15483, 0.36425, 0.44084, -0.67634, 0.43038, 0.54247, -0.75491, 0.30995, 0.52321, -1.05542, 0.26109, 0.45654
