1.54180, 0.26364, 0.04038, 0.92006, 0.47493, 0.00265, 1.50698, 0.07044, 0.03473, 0.97615, 0.21468, -0.01618, 1.56422, 0.27828, 0.55083, 1.06896, 0.39612, 0.57510, 1.51716, 0.06831, 0.52910, 1.00880, 0.20659, 0.57604, 1.13938, 0.26943, 0.56889, 1.44017, 0.19254, 0.55898
1.54262, 0.26477, 0.04054, 0.91800, 0.47576, 0.00318, 1.50939, 0.06986, 0.03589, 0.97503, 0.21481, -0.01609, 1.56485, 0.27772, 0.55102, 1.06972, 0.39604, 0.57438, 1.51816, 0.06732, 0.52980, 1.00918, 0.20664, 0.57512, 1.13987, 0.26921, 0.56787, 1.44064, 0.19205, 0.55811
1.54355, 0.26622, 0.04062, 0.91428, 0.47714, 0.00402, 1.51206, 0.06931, 0.03737, 0.97291, 0.21444, -0.01635, 1.56663, 0.27683, 0.55104, 1.07128, 0.39612, 0.57278, 1.52069, 0.06579, 0.53081, 1.00972, 0.20705, 0.57340, 1.14075, 0.26891, 0.56625, 1.44152, 0.19141, 0.55683
1.54457, 0.26782, 0.04044, 0.90714, 0.47857, 0.00567, 1.51610, 0.06869, 0.03943, 0.97095, 0.21394, -0.01680, 1.56910, 0.27583, 0.55063, 1.07359, 0.39620, 0.56999, 1.52515, 0.06393, 0.53232, 1.01035, 0.20768, 0.57072, 1.14195, 0.26838, 0.56395, 1.44276, 0.19055, 0.55511
1.54563, 0.26945, 0.04001, 0.89745, 0.48096, 0.00781, 1.52268, 0.06791, 0.04273, 0.96929, 0.21399, -0.01754, 1.57224, 0.27456, 0.54974, 1.07654, 0.39603, 0.56599, 1.53086, 0.06207, 0.53366, 1.01122, 0.20823, 0.56710, 1.14353, 0.26744, 0.56093, 1.44443, 0.18940, 0.55302
1.54649, 0.27062, 0.03936, 0.88778, 0.48840, 0.01005, 1.53256, 0.06625, 0.04938, 0.96815, 0.21396, -0.01856, 1.57616, 0.27293, 0.54833, 1.08021, 0.39558, 0.56038, 1.53715, 0.06034, 0.53331, 1.01277, 0.20853, 0.56237, 1.14579, 0.26620, 0.55705, 1.44681, 0.18791, 0.55062
1.54648, 0.27098, 0.03868, 0.88242, 0.49229, 0.00933, 1.54705, 0.06233, 0.05877, 0.96766, 0.21358, -0.01971, 1.58081, 0.27093, 0.54674, 1.08505, 0.39471, 0.55373, 1.54318, 0.05856, 0.53110, 1.01549, 0.20846, 0.55693, 1.14917, 0.26459, 0.55166, 1.45031, 0.18607, 0.54766
1.54615, 0.27078, 0.03806, 0.88019, 0.49323, 0.00648, 1.56640, 0.05729, 0.06792, 0.96745, 0.21294, -0.02091, 1.58602, 0.26864, 0.54491, 1.09082, 0.39320, 0.54732, 1.54925, 0.05653, 0.52818, 1.01922, 0.20773, 0.55094, 1.15351, 0.26238, 0.54557, 1.45473, 0.18381, 0.54423
1.54555, 0.27052, 0.03754, 0.87947, 0.49411, 0.00420, 1.59052, 0.05227, 0.07580, 0.96711, 0.21229, -0.02185, 1.59214, 0.26609, 0.54282, 1.09743, 0.39050, 0.54413, 1.55583, 0.05423, 0.52477, 1.02437, 0.20557, 0.54542, 1.15910, 0.25921, 0.54098, 1.46043, 0.18109, 0.54070
1.54478, 0.27026, 0.03708, 0.87668, 0.49621, 0.00616, 1.61757, 0.04638, 0.08143, 0.96634, 0.21168, -0.02259, 1.59958, 0.26321, 0.54057, 1.10496, 0.38655, 0.54328, 1.56331, 0.05154, 0.52123, 1.03110, 0.20195, 0.54067, 1.16608, 0.25508, 0.53798, 1.46765, 0.17791, 0.53731
1.54396, 0.26991, 0.03673, 0.86811, 0.49531, 0.01440, 1.64869, 0.03936, 0.08410, 0.96478, 0.21123, -0.02313, 1.60832, 0.25983, 0.53827, 1.11375, 0.38145, 0.54367, 1.57142, 0.04838, 0.51745, 1.03903, 0.19729, 0.53734, 1.17427, 0.24980, 0.53630, 1.47618, 0.17409, 0.53415
1.54329, 0.26937, 0.03664, 0.86298, 0.49629, 0.02791, 1.68211, 0.03105, 0.08260, 0.96184, 0.21104, -0.02311, 1.61779, 0.25609, 0.53610, 1.12444, 0.37549, 0.54420, 1.58059, 0.04469, 0.51332, 1.04794, 0.19217, 0.53525, 1.18369, 0.24336, 0.53518, 1.48600, 0.16946, 0.53147
1.54309, 0.26875, 0.03688, 0.87255, 0.49615, 0.04061, 1.71559, 0.02037, 0.07713, 0.95751, 0.21087, -0.02246, 1.62790, 0.25223, 0.53416, 1.13687, 0.36936, 0.54384, 1.59138, 0.04071, 0.50846, 1.05811, 0.18707, 0.53360, 1.19448, 0.23657, 0.53397, 1.49720, 0.16441, 0.52927
1.54351, 0.26808, 0.03743, 0.89930, 0.48861, 0.04743, 1.74780, 0.00993, 0.07023, 0.95157, 0.21092, -0.02110, 1.63915, 0.24816, 0.53242, 1.15043, 0.36370, 0.54164, 1.60336, 0.03667, 0.50245, 1.06999, 0.18211, 0.53208, 1.20682, 0.23034, 0.53251, 1.50985, 0.15925, 0.52754
1.54440, 0.26744, 0.03817, 0.94995, 0.47712, 0.04502, 1.77814, 0.00206, 0.06204, 0.94294, 0.21231, -0.01897, 1.65145, 0.24381, 0.53082, 1.16440, 0.35872, 0.53741, 1.61640, 0.03276, 0.49537, 1.08326, 0.17730, 0.53090, 1.22028, 0.22499, 0.53091, 1.52347, 0.15400, 0.52650
1.54506, 0.26668, 0.03925, 1.03041, 0.45202, 0.03644, 1.80306, -0.00467, 0.05154, 0.93112, 0.21583, -0.01550, 1.66506, 0.23907, 0.52934, 1.17871, 0.35429, 0.53212, 1.63093, 0.02869, 0.48940, 1.09803, 0.17256, 0.53037, 1.23493, 0.22057, 0.52935, 1.53799, 0.14846, 0.52602
1.54547, 0.26600, 0.04098, 1.12375, 0.42131, 0.03561, 1.81781, -0.00823, 0.04283, 0.91531, 0.21951, -0.00963, 1.68086, 0.23383, 0.52787, 1.19326, 0.34979, 0.52716, 1.64713, 0.02413, 0.48535, 1.11452, 0.16722, 0.53007, 1.25090, 0.21665, 0.52769, 1.55367, 0.14292, 0.52594
1.54712, 0.26547, 0.04343, 1.21071, 0.38660, 0.03376, 1.82330, -0.01000, 0.03594, 0.89699, 0.22565, -0.00098, 1.69956, 0.22746, 0.52625, 1.20808, 0.34402, 0.52369, 1.66489, 0.01835, 0.48365, 1.13246, 0.16021, 0.52970, 1.26797, 0.21189, 0.52586, 1.57056, 0.13713, 0.52611
1.55120, 0.26471, 0.04642, 1.29339, 0.34617, 0.02248, 1.82249, -0.01171, 0.03348, 0.88081, 0.23093, 0.01045, 1.72051, 0.21992, 0.52430, 1.22390, 0.33697, 0.52279, 1.68379, 0.01114, 0.48431, 1.15160, 0.15185, 0.52932, 1.28614, 0.20592, 0.52425, 1.58867, 0.13084, 0.52653
1.55850, 0.26051, 0.04987, 1.36488, 0.30780, 0.00584, 1.81923, -0.01276, 0.03347, 0.87271, 0.23189, 0.02102, 1.74354, 0.21124, 0.52276, 1.24159, 0.32908, 0.52428, 1.70377, 0.00290, 0.48642, 1.17197, 0.14287, 0.52867, 1.30568, 0.19892, 0.52340, 1.60828, 0.12411, 0.52690
1.57447, 0.25331, 0.05366, 1.40296, 0.28396, -0.01147, 1.81691, -0.01299, 0.03346, 0.88010, 0.23020, 0.02563, 1.76924, 0.20095, 0.52324, 1.26162, 0.32064, 0.52664, 1.72466, -0.00596, 0.48885, 1.19311, 0.13398, 0.52820, 1.32646, 0.19090, 0.52289, 1.62928, 0.11711, 0.52700
1.60207, 0.24320, 0.06185, 1.40985, 0.27753, -0.02529, 1.81598, -0.01294, 0.03336, 0.89833, 0.22119, 0.02516, 1.79674, 0.18955, 0.52375, 1.28281, 0.31229, 0.52875, 1.74544, -0.01476, 0.48984, 1.21569, 0.12513, 0.52696, 1.34858, 0.18314, 0.52204, 1.65155, 0.11015, 0.52608
1.64211, 0.22930, 0.07468, 1.40037, 0.28053, -0.03178, 1.81617, -0.01321, 0.03301, 0.92872, 0.20557, 0.02381, 1.82172, 0.17990, 0.52201, 1.30428, 0.30432, 0.52936, 1.76576, -0.02314, 0.48905, 1.23926, 0.11648, 0.52396, 1.37150, 0.17606, 0.52032, 1.67441, 0.10308, 0.52352
1.68997, 0.20934, 0.08254, 1.39828, 0.28366, -0.03020, 1.81643, -0.01411, 0.03221, 0.97797, 0.18371, 0.02397, 1.84507, 0.17140, 0.51996, 1.32657, 0.29769, 0.52621, 1.78624, -0.03087, 0.48623, 1.26271, 0.10950, 0.51937, 1.39462, 0.16988, 0.51714, 1.69724, 0.09599, 0.51921
1.74679, 0.18023, 0.08702, 1.40002, 0.28381, -0.02759, 1.81681, -0.01507, 0.03131, 1.05103, 0.16066, 0.02505, 1.86753, 0.16317, 0.51779, 1.35065, 0.29403, 0.51933, 1.80697, -0.03830, 0.48145, 1.28549, 0.10626, 0.51353, 1.41785, 0.16565, 0.51218, 1.71970, 0.08890, 0.51374
1.81493, 0.14451, 0.08954, 1.39996, 0.28435, -0.02691, 1.81714, -0.01549, 0.03061, 1.14827, 0.13466, 0.03108, 1.89021, 0.15420, 0.51451, 1.37518, 0.29085, 0.51076, 1.82775, -0.04651, 0.47634, 1.30854, 0.10352, 0.50812, 1.44139, 0.16182, 0.50660, 1.74223, 0.08139, 0.50778
1.88709, 0.10593, 0.08837, 1.39817, 0.28554, -0.02953, 1.81792, -0.01543, 0.03009, 1.24731, 0.10835, 0.04084, 1.91670, 0.14191, 0.50768, 1.39919, 0.28577, 0.50142, 1.84939, -0.05688, 0.47208, 1.33255, 0.09844, 0.50413, 1.46541, 0.15668, 0.50144, 1.76535, 0.07292, 0.50169
1.96186, 0.06709, 0.08461, 1.39439, 0.28687, -0.03249, 1.81945, -0.01556, 0.02978, 1.34968, 0.08161, 0.03893, 1.93981, 0.13146, 0.50159, 1.42314, 0.27930, 0.49325, 1.87234, -0.06794, 0.46906, 1.35678, 0.09197, 0.49988, 1.48956, 0.15037, 0.49700, 1.78880, 0.06390, 0.49685
2.03781, 0.03117, 0.08228, 1.38924, 0.28725, -0.03382, 1.82066, -0.01594, 0.02958, 1.45869, 0.05058, 0.02933, 1.96093, 0.12330, 0.49684, 1.44626, 0.27091, 0.48768, 1.89629, -0.07859, 0.46827, 1.38182, 0.08296, 0.49535, 1.51400, 0.14276, 0.49367, 1.81291, 0.05498, 0.49410
2.11196, -0.00467, 0.07651, 1.38163, 0.28792, -0.03355, 1.82220, -0.01677, 0.02960, 1.56843, 0.02029, 0.01707, 1.98358, 0.11478, 0.49305, 1.47101, 0.26119, 0.48430, 1.92186, -0.08967, 0.47072, 1.40841, 0.07262, 0.49201, 1.53998, 0.13377, 0.49172, 1.83882, 0.04582, 0.49345
2.18118, -0.03623, 0.07216, 1.37255, 0.28793, -0.03051, 1.82363, -0.01841, 0.03032, 1.66628, -0.00343, 0.00398, 2.00852, 0.10587, 0.48828, 1.49845, 0.25128, 0.48225, 1.94903, -0.10089, 0.47604, 1.43685, 0.06239, 0.49030, 1.56807, 0.12428, 0.49078, 1.86688, 0.03650, 0.49470
2.23972, -0.05816, 0.06967, 1.36584, 0.28679, -0.02486, 1.82801, -0.02154, 0.03118, 1.73644, -0.02598, -0.00387, 2.03838, 0.09491, 0.48311, 1.52830, 0.24122, 0.48053, 1.97781, -0.11213, 0.48308, 1.46756, 0.05212, 0.48996, 1.59849, 0.11461, 0.49015, 1.89720, 0.02690, 0.49755
2.28968, -0.07542, 0.06415, 1.36091, 0.28619, -0.01723, 1.83680, -0.02647, 0.03120, 1.76367, -0.04254, -0.00872, 2.07189, 0.08183, 0.47947, 1.56068, 0.23095, 0.47868, 2.00908, -0.12392, 0.49139, 1.50010, 0.04197, 0.49119, 1.63101, 0.10451, 0.48936, 1.92954, 0.01661, 0.50072
2.33018, -0.09067, 0.05513, 1.35600, 0.28545, -0.00678, 1.85482, -0.03452, 0.04673, 1.76710, -0.04642, -0.01254, 2.10760, 0.06723, 0.47678, 1.59530, 0.21981, 0.47872, 2.03958, -0.13623, 0.49560, 1.53406, 0.03116, 0.49291, 1.66520, 0.09310, 0.48915, 1.96363, 0.00505, 0.50315
2.35585, -0.10526, 0.04406, 1.35509, 0.28322, 0.00508, 1.88734, -0.04754, 0.06143, 1.75617, -0.04478, -0.01642, 2.14451, 0.05231, 0.47622, 1.63136, 0.20675, 0.48228, 2.07211, -0.14929, 0.49969, 1.56940, 0.01821, 0.49463, 1.70078, 0.07960, 0.49027, 1.99938, -0.00782, 0.50494
2.36708, -0.11810, 0.03520, 1.36203, 0.27871, 0.01621, 1.93629, -0.06628, 0.07860, 1.74938, -0.04547, -0.01899, 2.18221, 0.03873, 0.47940, 1.66774, 0.19153, 0.48943, 2.10735, -0.16233, 0.50263, 1.60604, 0.00263, 0.49655, 1.73732, 0.06425, 0.49221, 2.03649, -0.02122, 0.50618
2.36650, -0.12882, 0.02807, 1.37796, 0.27470, 0.03060, 2.00141, -0.08944, 0.09513, 1.74868, -0.04519, -0.02087, 2.22099, 0.02595, 0.48353, 1.70454, 0.17414, 0.49916, 2.14420, -0.17490, 0.50437, 1.64382, -0.01521, 0.49855, 1.77472, 0.04724, 0.49465, 2.07477, -0.03500, 0.50725
2.36145, -0.13530, 0.02364, 1.40474, 0.26624, 0.04528, 2.07752, -0.11779, 0.10629, 1.74754, -0.04437, -0.02317, 2.26010, 0.01403, 0.48740, 1.74253, 0.15516, 0.50982, 2.18282, -0.18712, 0.50568, 1.68263, -0.03424, 0.50091, 1.81315, 0.02902, 0.49754, 2.11425, -0.04912, 0.50845
2.36123, -0.13677, 0.02124, 1.44238, 0.25230, 0.05804, 2.15846, -0.14840, 0.10804, 1.74614, -0.04444, -0.02416, 2.29912, 0.00249, 0.48999, 1.78191, 0.13567, 0.51962, 2.22457, -0.19993, 0.50655, 1.72215, -0.05334, 0.50401, 1.85248, 0.01031, 0.50080, 2.15462, -0.06356, 0.50998
2.36404, -0.13707, 0.02006, 1.48899, 0.23186, 0.06885, 2.24250, -0.17826, 0.10372, 1.74266, -0.04323, -0.02520, 2.33818, -0.00864, 0.49180, 1.82200, 0.11646, 0.52750, 2.26824, -0.21289, 0.50668, 1.76208, -0.07208, 0.50746, 1.89237, -0.00832, 0.50452, 2.19548, -0.07818, 0.51214
2.36684, -0.13705, 0.01947, 1.54853, 0.20675, 0.07212, 2.32886, -0.20742, 0.09979, 1.73608, -0.04079, -0.02586, 2.37779, -0.01949, 0.49389, 1.86246, 0.09869, 0.53291, 2.31360, -0.22572, 0.50553, 1.80246, -0.08962, 0.51107, 1.93276, -0.02586, 0.50854, 2.23666, -0.09296, 0.51507
2.36857, -0.13697, 0.02004, 1.62127, 0.18160, 0.07355, 2.41892, -0.23771, 0.09449, 1.72828, -0.03724, -0.02433, 2.41750, -0.03043, 0.49644, 1.90367, 0.08299, 0.53732, 2.35995, -0.23852, 0.50324, 1.84279, -0.10515, 0.51639, 1.97345, -0.04211, 0.51430, 2.27789, -0.10801, 0.51910
2.36911, -0.13650, 0.02203, 1.70783, 0.15268, 0.07336, 2.50907, -0.26542, 0.08821, 1.72491, -0.03128, -0.01799, 2.45739, -0.04174, 0.49873, 1.94555, 0.06922, 0.54212, 2.40672, -0.25113, 0.50082, 1.88333, -0.11876, 0.52397, 2.01452, -0.05683, 0.52208, 2.31919, -0.12274, 0.52418
2.36969, -0.13623, 0.02565, 1.80421, 0.11926, 0.07363, 2.59975, -0.29259, 0.08108, 1.72397, -0.02699, -0.00655, 2.49734, -0.05321, 0.50070, 1.98854, 0.05676, 0.54767, 2.45335, -0.26334, 0.49841, 1.92474, -0.13109, 0.53427, 2.05649, -0.07040, 0.53149, 2.36106, -0.13718, 0.53011
2.37313, -0.13637, 0.03100, 1.89863, 0.08347, 0.07812, 2.68283, -0.31444, 0.07416, 1.72800, -0.02711, 0.01128, 2.53702, -0.06463, 0.50250, 2.03238, 0.04517, 0.55412, 2.49941, -0.27509, 0.49571, 1.96724, -0.14253, 0.54614, 2.09945, -0.08292, 0.54209, 2.40356, -0.15142, 0.53628
2.37822, -0.13716, 0.03840, 1.98822, 0.04699, 0.08119, 2.74068, -0.32328, 0.06225, 1.74458, -0.03135, 0.03303, 2.57691, -0.07655, 0.50373, 2.07690, 0.03366, 0.56121, 2.54615, -0.28689, 0.49396, 2.01094, -0.15392, 0.55931, 2.14342, -0.09505, 0.55361, 2.44677, -0.16571, 0.54222
2.38949, -0.14020, 0.04774, 2.08042, 0.00801, 0.07351, 2.77106, -0.32616, 0.04596, 1.77381, -0.04071, 0.05389, 2.61694, -0.08888, 0.50409, 2.12154, 0.02118, 0.56889, 2.59470, -0.29865, 0.49314, 2.05578, -0.16644, 0.57258, 2.18822, -0.10763, 0.56551, 2.49068, -0.17997, 0.54744
2.40947, -0.14488, 0.05690, 2.17227, -0.03256, 0.06121, 2.78207, -0.32810, 0.03191, 1.81571, -0.05180, 0.07186, 2.65737, -0.10189, 0.50312, 2.16595, 0.00764, 0.57609, 2.64145, -0.31112, 0.49280, 2.10155, -0.18031, 0.58425, 2.23359, -0.12071, 0.57640, 2.53513, -0.19413, 0.55138
2.44083, -0.15097, 0.06557, 2.26399, -0.07290, 0.04641, 2.78046, -0.32949, 0.02504, 1.87149, -0.06568, 0.08514, 2.69955, -0.11533, 0.50252, 2.21046, -0.00653, 0.58244, 2.68459, -0.32487, 0.49250, 2.14766, -0.19486, 0.59355, 2.27921, -0.13426, 0.58526, 2.57985, -0.20820, 0.55346
2.48970, -0.16078, 0.07431, 2.35832, -0.11444, 0.03321, 2.77810, -0.32971, 0.02357, 1.93837, -0.08702, 0.09430, 2.74560, -0.12896, 0.50379, 2.25588, -0.02100, 0.58807, 2.72553, -0.33894, 0.49012, 2.19366, -0.20944, 0.60060, 2.32503, -0.14848, 0.59207, 2.62486, -0.22214, 0.55362
2.56172, -0.17756, 0.08519, 2.43801, -0.15096, 0.02356, 2.77841, -0.33015, 0.02363, 2.01438, -0.11554, 0.09893, 2.79370, -0.14245, 0.50669, 2.30169, -0.03548, 0.59321, 2.76443, -0.35237, 0.48637, 2.23923, -0.22389, 0.60505, 2.37069, -0.16306, 0.59692, 2.67000, -0.23544, 0.55269
2.65049, -0.19914, 0.09543, 2.50599, -0.16815, 0.01930, 2.78125, -0.33123, 0.02347, 2.09842, -0.14966, 0.10022, 2.84101, -0.15480, 0.51092, 2.34736, -0.04961, 0.59654, 2.80291, -0.36429, 0.48457, 2.28396, -0.23779, 0.60697, 2.41575, -0.17752, 0.59990, 2.71513, -0.24741, 0.55164
2.74944, -0.22429, 0.10067, 2.56451, -0.16795, 0.01699, 2.78519, -0.33255, 0.02409, 2.18987, -0.18646, 0.09572, 2.88921, -0.16742, 0.51550, 2.39274, -0.06333, 0.59663, 2.84174, -0.37551, 0.48529, 2.32808, -0.25114, 0.60570, 2.46031, -0.19164, 0.60085, 2.76030, -0.25861, 0.55103
2.85244, -0.25259, 0.10088, 2.60234, -0.16628, 0.01207, 2.78722, -0.33427, 0.02603, 2.29345, -0.22674, 0.08442, 2.93810, -0.18137, 0.52031, 2.43797, -0.07659, 0.59327, 2.88178, -0.38745, 0.48896, 2.37189, -0.26397, 0.60105, 2.50458, -0.20532, 0.59967, 2.80559, -0.26994, 0.55176
2.95814, -0.27991, 0.10035, 2.59824, -0.18529, -0.00707, 2.79122, -0.33676, 0.02861, 2.40220, -0.26731, 0.07118, 2.98363, -0.19393, 0.52737, 2.48298, -0.08837, 0.58573, 2.92360, -0.39920, 0.49475, 2.41560, -0.27530, 0.59317, 2.54859, -0.21737, 0.59577, 2.85086, -0.28100, 0.55427
3.06566, -0.30531, 0.10135, 2.59969, -0.20948, -0.01778, 2.80170, -0.34100, 0.03393, 2.51407, -0.31060, 0.05655, 3.02852, -0.20570, 0.53499, 2.52704, -0.09917, 0.57542, 2.96796, -0.41093, 0.50195, 2.45990, -0.28622, 0.58204, 2.59265, -0.22798, 0.58781, 2.89621, -0.29171, 0.55728
3.17072, -0.33024, 0.10296, 2.60131, -0.21477, -0.02504, 2.82379, -0.34960, 0.04509, 2.63079, -0.35302, 0.04184, 3.07313, -0.21722, 0.54258, 2.56960, -0.11005, 0.56033, 3.01478, -0.42353, 0.51131, 2.50478, -0.29775, 0.57065, 2.63668, -0.23764, 0.57681, 2.94110, -0.30204, 0.56000
3.26577, -0.34986, 0.11177, 2.59944, -0.21588, -0.02694, 2.86303, -0.36302, 0.06374, 2.74502, -0.38995, 0.03161, 3.11767, -0.22765, 0.54498, 2.61146, -0.12132, 0.54574, 3.06261, -0.43575, 0.52031, 2.54976, -0.30963, 0.56221, 2.68057, -0.24707, 0.56719, 2.98538, -0.31152, 0.56217
3.35383, -0.36762, 0.11777, 2.59546, -0.21660, -0.02595, 2.92383, -0.37871, 0.08439, 2.85056, -0.42095, 0.02672, 3.16357, -0.23835, 0.54323, 2.65396, -0.13318, 0.53675, 3.11060, -0.44778, 0.52888, 2.59524, -0.32201, 0.55763, 2.72514, -0.25743, 0.56009, 3.03025, -0.32085, 0.56333
3.43545, -0.38340, 0.11906, 2.59063, -0.21689, -0.02368, 3.00482, -0.39829, 0.10674, 2.93458, -0.44140, 0.02731, 3.21098, -0.25044, 0.53750, 2.69727, -0.14588, 0.53356, 3.15968, -0.46054, 0.53854, 2.64255, -0.33580, 0.55531, 2.77122, -0.26876, 0.55545, 3.07667, -0.33051, 0.56307
3.50847, -0.39745, 0.11517, 2.58411, -0.21594, -0.01997, 3.09935, -0.42237, 0.12528, 2.98195, -0.44853, 0.01983, 3.26215, -0.26468, 0.52954, 2.74105, -0.15991, 0.53429, 3.20938, -0.47305, 0.54685, 2.69159, -0.35127, 0.55607, 2.81855, -0.28112, 0.55304, 3.12450, -0.34037, 0.56165
3.57033, -0.41094, 0.10580, 2.58112, -0.21352, -0.01061, 3.20026, -0.44783, 0.13610, 3.01455, -0.45438, 0.01253, 3.31674, -0.28054, 0.52169, 2.78580, -0.17604, 0.53778, 3.26022, -0.48491, 0.55323, 2.74224, -0.36906, 0.55746, 2.86708, -0.29530, 0.55258, 3.17375, -0.35071, 0.55923
3.61923, -0.42346, 0.09066, 2.58624, -0.20982, 0.00403, 3.30185, -0.47507, 0.13922, 3.02473, -0.45678, -0.00179, 3.37064, -0.29563, 0.51409, 2.83198, -0.19483, 0.54105, 3.31273, -0.49623, 0.55737, 2.79452, -0.38942, 0.55753, 2.91701, -0.31186, 0.55211, 3.22449, -0.36220, 0.55575
3.65574, -0.43491, 0.07027, 2.60089, -0.20982, 0.02190, 3.40130, -0.50266, 0.14002, 3.02838, -0.45985, -0.01268, 3.42369, -0.30859, 0.50625, 2.88019, -0.21490, 0.54383, 3.36681, -0.50703, 0.55744, 2.84855, -0.41086, 0.55567, 2.96868, -0.32969, 0.55028, 3.27697, -0.37423, 0.55115
3.68376, -0.44367, 0.04782, 2.62654, -0.21872, 0.03993, 3.50349, -0.53010, 0.13957, 3.02945, -0.45880, -0.02067, 3.47712, -0.32094, 0.49876, 2.92959, -0.23658, 0.54655, 3.42197, -0.51868, 0.55394, 2.90495, -0.43375, 0.55412, 3.02206, -0.34838, 0.54720, 3.33097, -0.38720, 0.54555
3.70558, -0.45021, 0.03063, 2.66507, -0.23148, 0.05626, 3.60371, -0.56198, 0.13663, 3.02714, -0.45735, -0.02504, 3.53157, -0.33262, 0.49404, 2.98034, -0.25847, 0.55118, 3.47839, -0.53109, 0.54728, 2.96306, -0.45651, 0.55555, 3.07667, -0.36682, 0.54576, 3.38593, -0.40070, 0.53954
3.71926, -0.45551, 0.01971, 2.71181, -0.24837, 0.07294, 3.70229, -0.59516, 0.13386, 3.02399, -0.45678, -0.02564, 3.58834, -0.34527, 0.48936, 3.03386, -0.27763, 0.55729, 3.53628, -0.54418, 0.53775, 3.02196, -0.47610, 0.55991, 3.13272, -0.38331, 0.54683, 3.44195, -0.41448, 0.53401
3.72319, -0.45889, 0.01475, 2.76636, -0.26753, 0.08949, 3.79755, -0.62782, 0.13260, 3.01808, -0.45391, -0.02251, 3.64580, -0.35760, 0.48425, 3.08981, -0.29395, 0.56447, 3.59663, -0.55735, 0.52529, 3.08137, -0.49261, 0.56641, 3.18996, -0.39786, 0.54966, 3.49878, -0.42876, 0.52892
3.72179, -0.46026, 0.01513, 2.82972, -0.28659, 0.10409, 3.88468, -0.66251, 0.13272, 3.01314, -0.45260, -0.01352, 3.70044, -0.36837, 0.47974, 3.14750, -0.30804, 0.57276, 3.65736, -0.57085, 0.51073, 3.14026, -0.50674, 0.57491, 3.24760, -0.41139, 0.55406, 3.55561, -0.44435, 0.52548
3.71995, -0.46043, 0.01602, 2.90721, -0.30879, 0.10976, 3.95897, -0.69525, 0.12999, 3.01315, -0.45293, 0.00167, 3.74847, -0.37681, 0.47605, 3.20552, -0.32082, 0.58223, 3.71706, -0.58413, 0.49660, 3.19794, -0.51951, 0.58418, 3.30470, -0.42432, 0.55986, 3.61162, -0.46088, 0.52382
3.71878, -0.45900, 0.01733, 2.99484, -0.33084, 0.11018, 4.02474, -0.72237, 0.11973, 3.02091, -0.45502, 0.02252, 3.78884, -0.38500, 0.47713, 3.26341, -0.33192, 0.59134, 3.77569, -0.59718, 0.48473, 3.25323, -0.53048, 0.59427, 3.36084, -0.43683, 0.56788, 3.66622, -0.47840, 0.52377
3.71775, -0.45727, 0.01992, 3.09182, -0.35578, 0.10524, 4.08465, -0.73977, 0.10086, 3.03920, -0.46239, 0.04422, 3.82609, -0.39599, 0.48301, 3.32070, -0.34140, 0.59896, 3.83199, -0.60936, 0.47575, 3.30536, -0.53961, 0.60303, 3.41558, -0.44893, 0.57699, 3.71935, -0.49586, 0.52600
3.71844, -0.45589, 0.02493, 3.19112, -0.38078, 0.09976, 4.13561, -0.74036, 0.07828, 3.06953, -0.47260, 0.06373, 3.86581, -0.41036, 0.49067, 3.37641, -0.35028, 0.60384, 3.88527, -0.62190, 0.47101, 3.35481, -0.54781, 0.61132, 3.46841, -0.46109, 0.58634, 3.77054, -0.51308, 0.52970
3.72216, -0.45511, 0.03207, 3.28945, -0.40587, 0.09191, 4.17287, -0.73130, 0.05712, 3.11155, -0.48093, 0.08066, 3.90933, -0.42629, 0.49569, 3.43053, -0.35962, 0.60732, 3.93531, -0.63610, 0.47026, 3.40243, -0.55611, 0.61925, 3.51932, -0.47368, 0.59490, 3.81978, -0.53022, 0.53353
3.73213, -0.45609, 0.04142, 3.38490, -0.43115, 0.08031, 4.20062, -0.72114, 0.04074, 3.16195, -0.49279, 0.09402, 3.95614, -0.44188, 0.49699, 3.48464, -0.36903, 0.61034, 3.98415, -0.65086, 0.47134, 3.44832, -0.56393, 0.62568, 3.56892, -0.48684, 0.60198, 3.86790, -0.54664, 0.53681
3.75163, -0.46051, 0.05189, 3.48578, -0.45825, 0.06509, 4.22045, -0.71707, 0.03009, 3.22082, -0.50683, 0.10387, 4.00437, -0.45696, 0.49633, 3.53965, -0.37843, 0.61352, 4.03315, -0.66546, 0.47258, 3.49321, -0.57106, 0.63015, 3.61792, -0.50045, 0.60757, 3.91560, -0.56240, 0.53904
3.78273, -0.46552, 0.06339, 3.58686, -0.48137, 0.04776, 4.23481, -0.72163, 0.02481, 3.28779, -0.52165, 0.10900, 4.05414, -0.47153, 0.49608, 3.59508, -0.38833, 0.61725, 4.08041, -0.68029, 0.47220, 3.53772, -0.57810, 0.63261, 3.66643, -0.51454, 0.61162, 3.96317, -0.57739, 0.54047
3.83131, -0.47387, 0.07914, 3.67881, -0.49837, 0.03183, 4.24275, -0.72822, 0.02424, 3.36380, -0.53875, 0.10952, 4.10633, -0.48527, 0.49812, 3.65124, -0.39872, 0.62127, 4.12438, -0.69546, 0.47078, 3.58182, -0.58469, 0.63296, 3.71451, -0.52910, 0.61422, 4.01078, -0.59148, 0.54133
3.90606, -0.49109, 0.09315, 3.76027, -0.50722, 0.02190, 4.24705, -0.73076, 0.02390, 3.44760, -0.55775, 0.10638, 4.15969, -0.49778, 0.50119, 3.70689, -0.41053, 0.62448, 4.16512, -0.70963, 0.46974, 3.62627, -0.59218, 0.63098, 3.76235, -0.54430, 0.61555, 4.05881, -0.60444, 0.54210
4.00558, -0.51465, 0.10057, 3.83364, -0.51024, 0.02029, 4.24658, -0.73181, 0.02359, 3.53729, -0.57913, 0.10059, 4.21346, -0.50912, 0.50716, 3.75985, -0.42275, 0.62614, 4.20264, -0.72140, 0.47071, 3.67057, -0.60042, 0.62715, 3.80900, -0.55878, 0.61476, 4.10637, -0.61600, 0.54327
4.11554, -0.54120, 0.10166, 3.88780, -0.51726, 0.01768, 4.24662, -0.73298, 0.02402, 3.63080, -0.60228, 0.09269, 4.26447, -0.51998, 0.51579, 3.80886, -0.43418, 0.62314, 4.23790, -0.73073, 0.47456, 3.71474, -0.60933, 0.62129, 3.85447, -0.57143, 0.61177, 4.15319, -0.62648, 0.54521
4.22775, -0.57007, 0.09729, 3.91279, -0.52150, 0.00689, 4.24735, -0.73407, 0.02461, 3.72792, -0.62640, 0.08059, 4.31464, -0.53168, 0.52516, 3.85331, -0.44431, 0.61520, 4.27477, -0.73951, 0.48113, 3.75877, -0.61923, 0.61339, 3.89883, -0.58185, 0.60753, 4.19914, -0.63612, 0.54821
4.33961, -0.59766, 0.09080, 3.91747, -0.54120, -0.00811, 4.24912, -0.73624, 0.02566, 3.82814, -0.64816, 0.06466, 4.36317, -0.54412, 0.53478, 3.89350, -0.45311, 0.60323, 4.31467, -0.74967, 0.49052, 3.80232, -0.62981, 0.60449, 3.94178, -0.58991, 0.60151, 4.24387, -0.64506, 0.55253
4.44910, -0.62455, 0.08638, 3.92126, -0.55741, -0.01631, 4.25438, -0.74027, 0.02920, 3.93538, -0.67018, 0.04933, 4.40925, -0.55594, 0.54414, 3.93098, -0.46109, 0.58981, 4.35765, -0.76118, 0.50207, 3.84572, -0.64059, 0.59690, 3.98380, -0.59616, 0.59381, 4.28753, -0.65344, 0.55799
4.55505, -0.65114, 0.08642, 3.91905, -0.56351, -0.02063, 4.26595, -0.74533, 0.03633, 4.04050, -0.69178, 0.03536, 4.45321, -0.56667, 0.54922, 3.96659, -0.46888, 0.57768, 4.40283, -0.77393, 0.51424, 3.88939, -0.65173, 0.58980, 4.02536, -0.60119, 0.58709, 4.33007, -0.66098, 0.56351
4.65204, -0.67453, 0.08969, 3.91304, -0.56404, -0.02094, 4.28762, -0.75165, 0.04982, 4.14126, -0.70941, 0.02684, 4.49886, -0.57747, 0.54831, 4.00177, -0.47759, 0.57066, 4.44922, -0.78706, 0.52618, 3.93419, -0.66409, 0.58447, 4.06732, -0.60645, 0.58272, 4.37256, -0.66768, 0.56759
4.73864, -0.69363, 0.09126, 3.90810, -0.56003, -0.01577, 4.33066, -0.76373, 0.07081, 4.22361, -0.72481, 0.02254, 4.54872, -0.59040, 0.54299, 4.03612, -0.48821, 0.56858, 4.49472, -0.79946, 0.53505, 3.98100, -0.67883, 0.58145, 4.11005, -0.61255, 0.57971, 4.41562, -0.67383, 0.56936
4.81318, -0.71038, 0.08870, 3.90591, -0.55728, -0.00545, 4.39655, -0.77935, 0.09210, 4.28100, -0.73438, 0.01691, 4.60256, -0.60635, 0.53545, 4.07100, -0.50164, 0.56983, 4.53926, -0.81116, 0.54050, 4.03044, -0.69599, 0.58083, 4.15416, -0.62028, 0.57738, 4.45996, -0.68028, 0.56852
4.87224, -0.72556, 0.08030, 3.91016, -0.55629, 0.00752, 4.48313, -0.79780, 0.11206, 4.31526, -0.73533, 0.00878, 4.65679, -0.62313, 0.52861, 4.10865, -0.51714, 0.57170, 4.58535, -0.82244, 0.54497, 4.08163, -0.71391, 0.58128, 4.19981, -0.62993, 0.57584, 4.50576, -0.68761, 0.56554
4.91512, -0.73817, 0.06711, 3.92625, -0.55430, 0.02121, 4.58446, -0.81924, 0.12237, 4.33256, -0.73190, -0.00139, 4.70727, -0.63737, 0.52210, 4.14760, -0.53430, 0.57329, 4.63163, -0.83294, 0.54667, 4.13426, -0.73253, 0.58138, 4.24629, -0.64064, 0.57394, 4.55217, -0.69578, 0.56079
4.94725, -0.74857, 0.05076, 3.96006, -0.55634, 0.03121, 4.68710, -0.84204, 0.12710, 4.34156, -0.72903, -0.01009, 4.75504, -0.64824, 0.51412, 4.19059, -0.55087, 0.57461, 4.67954, -0.84319, 0.54614, 4.18819, -0.74961, 0.58041, 4.29479, -0.65172, 0.57028, 4.60031, -0.70491, 0.55420
4.97199, -0.75766, 0.03461, 4.01159, -0.56128, 0.03467, 4.78806, -0.86848, 0.12880, 4.34363, -0.72931, -0.01481, 4.80267, -0.65726, 0.50624, 4.23835, -0.56467, 0.57453, 4.72871, -0.85328, 0.54247, 4.24193, -0.76342, 0.57971, 4.34516, -0.66245, 0.56557, 4.64997, -0.71478, 0.54508
4.98649, -0.76282, 0.02235, 4.07309, -0.56752, 0.03533, 4.88320, -0.89804, 0.12704, 4.34291, -0.72956, -0.01770, 4.85273, -0.66769, 0.49997, 4.29075, -0.57406, 0.57221, 4.77922, -0.86412, 0.53654, 4.29391, -0.77275, 0.57950, 4.39694, -0.67228, 0.56106, 4.70063, -0.72559, 0.53484
4.99128, -0.76633, 0.01625, 4.14249, -0.57562, 0.03599, 4.97800, -0.92738, 0.12546, 4.34095, -0.73092, -0.01849, 4.90410, -0.67792, 0.49396, 4.34657, -0.58003, 0.57032, 4.83074, -0.87490, 0.52763, 4.34377, -0.77864, 0.57970, 4.44930, -0.68164, 0.55725, 4.75185, -0.73704, 0.52588
4.99309, -0.76760, 0.01464, 4.21858, -0.58781, 0.04041, 5.07156, -0.95644, 0.12662, 4.33846, -0.73117, -0.01673, 4.95301, -0.68672, 0.48754, 4.40398, -0.58400, 0.56968, 4.88256, -0.88617, 0.51632, 4.39130, -0.78210, 0.58120, 4.50089, -0.69088, 0.55443, 4.80243, -0.74946, 0.51889
4.99241, -0.76718, 0.01491, 4.30166, -0.60436, 0.04651, 5.16088, -0.98686, 0.12928, 4.33539, -0.73103, -0.01115, 4.99456, -0.69187, 0.48293, 4.46155, -0.58689, 0.57007, 4.93438, -0.89737, 0.50331, 4.43661, -0.78365, 0.58427, 4.55109, -0.69988, 0.55385, 4.85166, -0.76298, 0.51518
4.99079, -0.76520, 0.01622, 4.39223, -0.62277, 0.05040, 5.23910, -1.01418, 0.13121, 4.33262, -0.72971, -0.00263, 5.02689, -0.69564, 0.48463, 4.51858, -0.59073, 0.57133, 4.98705, -0.90830, 0.49074, 4.48062, -0.78522, 0.58782, 4.60032, -0.70962, 0.55610, 4.89985, -0.77836, 0.51498
4.98969, -0.76238, 0.01891, 4.47971, -0.63908, 0.05260, 5.30644, -1.03806, 0.12830, 4.33509, -0.72807, 0.00917, 5.05830, -0.70331, 0.49233, 4.57409, -0.59596, 0.57400, 5.04044, -0.91819, 0.48046, 4.52378, -0.78751, 0.59169, 4.64848, -0.71987, 0.56129, 4.94691, -0.79456, 0.51787
4.98967, -0.75982, 0.02336, 4.56972, -0.65847, 0.04924, 5.36561, -1.05550, 0.11586, 4.34650, -0.72818, 0.02227, 5.09220, -0.71451, 0.50175, 4.62784, -0.60277, 0.57829, 5.09302, -0.92745, 0.47322, 4.56544, -0.79080, 0.59529, 4.69489, -0.73106, 0.56842, 4.99212, -0.81067, 0.52194
4.99228, -0.75793, 0.02996, 4.66471, -0.68218, 0.04014, 5.41735, -1.06147, 0.09947, 4.36342, -0.73090, 0.03562, 5.13156, -0.72674, 0.50961, 4.68087, -0.61059, 0.58290, 5.14352, -0.93710, 0.47042, 4.60581, -0.79408, 0.59828, 4.73966, -0.74301, 0.57532, 5.03571, -0.82635, 0.52598
5.00198, -0.75748, 0.03840, 4.75820, -0.70262, 0.02743, 5.46034, -1.05719, 0.07979, 4.38804, -0.73161, 0.04811, 5.17482, -0.73854, 0.51437, 4.73473, -0.61951, 0.58827, 5.19108, -0.94695, 0.46957, 4.64583, -0.79702, 0.59957, 4.78379, -0.75589, 0.58159, 5.07887, -0.84107, 0.52969
