6.06643, 0.09112, 0.05943, 6.64928, 0.30774, 0.00225, 5.63853, 0.36979, 0.07637, 6.29248, 0.45046, -0.02602, 5.92445, 0.23801, 0.52622, 6.41749, 0.32246, 0.49840, 5.83315, 0.42715, 0.48361, 6.37891, 0.51677, 0.48129, 6.29486, 0.39998, 0.49981, 5.98564, 0.36280, 0.51150
6.04564, 0.09053, 0.07105, 6.66025, 0.30435, 0.01185, 5.62063, 0.37598, 0.06063, 6.29721, 0.44927, -0.02642, 5.90752, 0.25317, 0.53240, 6.39677, 0.32636, 0.49729, 5.81473, 0.44049, 0.48427, 6.36011, 0.52065, 0.47617, 6.27477, 0.40485, 0.49506, 5.96518, 0.37446, 0.51286
6.01218, 0.09749, 0.08260, 6.66701, 0.30200, 0.02010, 5.61439, 0.37598, 0.04617, 6.30015, 0.44996, -0.02759, 5.88561, 0.26732, 0.54316, 6.37287, 0.32978, 0.49712, 5.79368, 0.45246, 0.48488, 6.34069, 0.52439, 0.47202, 6.25260, 0.41069, 0.49100, 5.94286, 0.38604, 0.51378
5.95602, 0.11227, 0.09459, 6.66756, 0.30057, 0.02835, 5.62540, 0.37860, 0.03825, 6.30158, 0.44966, -0.02937, 5.85724, 0.28034, 0.55496, 6.34643, 0.33370, 0.49885, 5.76835, 0.46319, 0.48620, 6.32007, 0.52856, 0.46926, 6.22854, 0.41759, 0.48815, 5.91875, 0.39783, 0.51408
5.87753, 0.13452, 0.10387, 6.65884, 0.29962, 0.03770, 5.63102, 0.38515, 0.03654, 6.30253, 0.44897, -0.02996, 5.81825, 0.28712, 0.56151, 6.31878, 0.33931, 0.50221, 5.74111, 0.47178, 0.48686, 6.29756, 0.53411, 0.46843, 6.20312, 0.42546, 0.48641, 5.89336, 0.40901, 0.51439
5.79061, 0.16136, 0.10732, 6.63043, 0.29565, 0.04087, 5.63480, 0.38773, 0.03586, 6.30429, 0.44837, -0.03022, 5.79405, 0.29680, 0.56383, 6.29083, 0.34729, 0.50522, 5.71607, 0.48033, 0.48655, 6.27313, 0.54204, 0.46920, 6.17679, 0.43484, 0.48578, 5.86712, 0.41870, 0.51413
5.69877, 0.19579, 0.10614, 6.59319, 0.30240, 0.04955, 5.63890, 0.39342, 0.03228, 6.30740, 0.44598, -0.03086, 5.77097, 0.30410, 0.56019, 6.26276, 0.35714, 0.50716, 5.69161, 0.48919, 0.48519, 6.24778, 0.55208, 0.47096, 6.15000, 0.44598, 0.48613, 5.84049, 0.42728, 0.51329
5.60691, 0.23596, 0.09980, 6.54228, 0.29814, 0.06033, 5.63756, 0.39546, 0.03024, 6.31094, 0.44476, -0.03067, 5.74606, 0.30898, 0.55147, 6.23478, 0.36827, 0.50860, 5.66840, 0.49853, 0.48273, 6.22208, 0.56349, 0.47302, 6.12310, 0.45835, 0.48710, 5.81376, 0.43472, 0.51224
5.52398, 0.27905, 0.09417, 6.46098, 0.29143, 0.05618, 5.63651, 0.39654, 0.03001, 6.31459, 0.44342, -0.02959, 5.71863, 0.31196, 0.53770, 6.20623, 0.37946, 0.51038, 5.64464, 0.50742, 0.48140, 6.19595, 0.57486, 0.47495, 6.09568, 0.47094, 0.48891, 5.78662, 0.44101, 0.51152
5.45385, 0.32365, 0.08926, 6.35917, 0.29123, 0.05372, 5.63632, 0.39748, 0.03048, 6.32195, 0.44520, -0.02770, 5.68576, 0.31448, 0.52074, 6.17638, 0.38993, 0.51245, 5.62076, 0.51664, 0.48257, 6.16832, 0.58547, 0.47725, 6.06687, 0.48272, 0.49130, 5.75841, 0.44588, 0.51174
5.40575, 0.36475, 0.07457, 6.25164, 0.29533, 0.05677, 5.63589, 0.40194, 0.03036, 6.32912, 0.44440, -0.02241, 5.64528, 0.31723, 0.50844, 6.14444, 0.39994, 0.51495, 5.59622, 0.52564, 0.48620, 6.13797, 0.59553, 0.47972, 6.03564, 0.49380, 0.49487, 5.72820, 0.44887, 0.51333
5.38891, 0.39507, 0.04970, 6.14019, 0.30746, 0.05536, 5.63516, 0.40580, 0.02919, 6.33551, 0.44357, -0.01301, 5.60095, 0.32233, 0.50266, 6.11058, 0.41088, 0.51878, 5.57029, 0.53509, 0.49065, 6.10348, 0.60633, 0.48287, 6.00146, 0.50448, 0.49922, 5.69506, 0.45223, 0.51618
5.40433, 0.41678, 0.03075, 6.02700, 0.32721, 0.05126, 5.62626, 0.40955, 0.03125, 6.33572, 0.44305, 0.00089, 5.55583, 0.32911, 0.50400, 6.07473, 0.42220, 0.52310, 5.53821, 0.54327, 0.49482, 6.06491, 0.61754, 0.48726, 5.96429, 0.51457, 0.50520, 5.65869, 0.45641, 0.52072
5.41599, 0.41893, 0.02707, 5.92189, 0.34840, 0.04247, 5.60443, 0.41747, 0.03691, 6.32941, 0.45241, 0.02436, 5.51342, 0.33669, 0.50780, 6.03739, 0.43270, 0.52916, 5.50085, 0.55147, 0.49932, 6.02335, 0.62794, 0.49421, 5.92498, 0.52318, 0.51413, 5.61970, 0.46137, 0.52601
5.41449, 0.41660, 0.02819, 5.82662, 0.36146, 0.02285, 5.57263, 0.44075, 0.05942, 6.30944, 0.47261, 0.05069, 5.47628, 0.34437, 0.51307, 5.99902, 0.44212, 0.53635, 5.46407, 0.55969, 0.50087, 5.98184, 0.63734, 0.50271, 5.88525, 0.53146, 0.52524, 5.58011, 0.46789, 0.52984
5.41107, 0.41475, 0.02806, 5.74543, 0.38183, 0.00932, 5.51929, 0.47652, 0.09264, 6.25692, 0.51376, 0.06680, 5.43762, 0.35326, 0.51615, 5.95982, 0.44913, 0.54188, 5.42509, 0.56849, 0.50323, 5.94108, 0.64486, 0.51223, 5.84562, 0.53849, 0.53716, 5.54060, 0.47534, 0.53167
5.40667, 0.41636, 0.02915, 5.70003, 0.41235, 0.00348, 5.44576, 0.51205, 0.10943, 6.14825, 0.55413, 0.05542, 5.39751, 0.36333, 0.51837, 5.91952, 0.45192, 0.54448, 5.38383, 0.57756, 0.50571, 5.90216, 0.64852, 0.52023, 5.80661, 0.54295, 0.54808, 5.50134, 0.48382, 0.53075
5.40490, 0.41768, 0.03057, 5.69610, 0.42141, -0.00428, 5.35534, 0.54615, 0.11754, 6.00394, 0.59712, 0.03508, 5.35729, 0.37527, 0.51961, 5.88065, 0.45053, 0.54268, 5.34009, 0.58659, 0.50856, 5.86663, 0.64805, 0.52446, 5.77008, 0.54381, 0.55380, 5.46361, 0.49405, 0.52793
5.40305, 0.41848, 0.03253, 5.71256, 0.41889, -0.01508, 5.25693, 0.58010, 0.12259, 5.84357, 0.64239, 0.02594, 5.31840, 0.38860, 0.52012, 5.84219, 0.44587, 0.53225, 5.29809, 0.59682, 0.50838, 5.83493, 0.64438, 0.52331, 5.73518, 0.54231, 0.54944, 5.42664, 0.50609, 0.52416
5.39611, 0.42044, 0.03698, 5.71454, 0.41838, -0.02324, 5.15787, 0.61241, 0.12270, 5.67226, 0.68247, 0.02366, 5.27877, 0.40218, 0.52190, 5.80188, 0.43986, 0.51565, 5.25881, 0.60949, 0.50510, 5.80432, 0.63867, 0.51833, 5.69947, 0.54026, 0.53760, 5.38902, 0.51859, 0.52017
5.38256, 0.42222, 0.04552, 5.71929, 0.42017, -0.02594, 5.05922, 0.64072, 0.11857, 5.52715, 0.70379, 0.00974, 5.23698, 0.41627, 0.52684, 5.76076, 0.43613, 0.49472, 5.22005, 0.62364, 0.49963, 5.77014, 0.63427, 0.50859, 5.66154, 0.53880, 0.52047, 5.35002, 0.53078, 0.51617
5.34779, 0.42965, 0.05546, 5.72712, 0.41998, -0.02710, 4.96366, 0.66779, 0.11200, 5.45030, 0.70678, -0.01538, 5.19299, 0.43194, 0.53591, 5.72016, 0.43796, 0.47121, 5.18154, 0.63787, 0.49486, 5.73068, 0.63434, 0.50062, 5.62101, 0.53936, 0.50180, 5.30951, 0.54266, 0.51265
5.28133, 0.43891, 0.09471, 5.73301, 0.41948, -0.02648, 4.88266, 0.69283, 0.11204, 5.45092, 0.70801, -0.02252, 5.14504, 0.44986, 0.54473, 5.67910, 0.44410, 0.45213, 5.14089, 0.65166, 0.48805, 5.68638, 0.63864, 0.49266, 5.57791, 0.54254, 0.48559, 5.26729, 0.55495, 0.50879
5.19536, 0.45184, 0.12398, 5.74130, 0.41995, -0.02316, 4.81405, 0.72414, 0.10696, 5.46944, 0.71114, -0.02735, 5.10247, 0.46369, 0.55541, 5.63512, 0.45328, 0.44219, 5.09458, 0.66058, 0.48197, 5.63782, 0.64765, 0.48405, 5.53146, 0.54942, 0.47475, 5.22190, 0.56686, 0.50518
5.09595, 0.47492, 0.13480, 5.74769, 0.42174, -0.01795, 4.75445, 0.74734, 0.10166, 5.45057, 0.71832, -0.01948, 5.04714, 0.47838, 0.55800, 5.58828, 0.46526, 0.44243, 5.04543, 0.67161, 0.47927, 5.58498, 0.66189, 0.47184, 5.48140, 0.56045, 0.46618, 5.17290, 0.57986, 0.50199
4.98703, 0.50543, 0.13606, 5.75250, 0.42321, -0.01031, 4.69901, 0.76059, 0.09667, 5.44707, 0.71373, -0.02140, 5.00384, 0.49313, 0.56385, 5.53675, 0.48032, 0.44368, 4.99332, 0.68569, 0.48107, 5.53103, 0.67849, 0.45897, 5.42842, 0.57596, 0.45657, 5.12113, 0.59481, 0.49974
4.87092, 0.53375, 0.13804, 5.75030, 0.42720, 0.00247, 4.66408, 0.77455, 0.08265, 5.46128, 0.71094, -0.02673, 4.96201, 0.50432, 0.56540, 5.48201, 0.49784, 0.44951, 4.93854, 0.69851, 0.48236, 5.47458, 0.69654, 0.44816, 5.37271, 0.59325, 0.45028, 5.06634, 0.60858, 0.49873
4.75772, 0.55615, 0.13649, 5.74328, 0.43515, 0.02268, 4.65379, 0.79588, 0.06091, 5.46831, 0.71117, -0.02858, 4.91232, 0.51425, 0.56181, 5.42462, 0.51563, 0.46058, 4.87809, 0.71004, 0.48379, 5.41724, 0.71365, 0.44398, 5.31537, 0.61054, 0.45033, 5.00915, 0.62158, 0.49862
4.65025, 0.57467, 0.13066, 5.72101, 0.44614, 0.04896, 4.67400, 0.80894, 0.03066, 5.47448, 0.71170, -0.03017, 4.85470, 0.52261, 0.55228, 5.36452, 0.53110, 0.47098, 4.81509, 0.72098, 0.48165, 5.35904, 0.72804, 0.44409, 5.25629, 0.62597, 0.45261, 4.94954, 0.63349, 0.49832
4.55056, 0.58867, 0.13033, 5.66117, 0.46782, 0.06945, 4.67314, 0.81486, 0.02986, 5.48691, 0.71029, -0.02729, 4.78925, 0.52813, 0.53647, 5.30392, 0.54494, 0.48057, 4.75554, 0.73099, 0.47332, 5.30044, 0.74130, 0.44944, 5.19678, 0.64017, 0.45817, 4.88889, 0.64306, 0.49747
4.45733, 0.60082, 0.12611, 5.56438, 0.47931, 0.09333, 4.67382, 0.81979, 0.02843, 5.49634, 0.70777, -0.01427, 4.71912, 0.53390, 0.51867, 5.24442, 0.55712, 0.49061, 4.69747, 0.74152, 0.47035, 5.24020, 0.75367, 0.46079, 5.13709, 0.65177, 0.46671, 4.82795, 0.64972, 0.49661
4.36944, 0.60948, 0.11630, 5.43276, 0.47897, 0.10587, 4.67434, 0.81908, 0.02842, 5.49415, 0.70680, 0.01207, 4.64666, 0.54123, 0.50227, 5.18508, 0.56672, 0.50332, 4.64629, 0.75322, 0.47169, 5.17858, 0.76369, 0.47693, 5.07686, 0.66026, 0.47909, 4.76669, 0.65348, 0.49657
4.28723, 0.61876, 0.10655, 5.28260, 0.48994, 0.10466, 4.67425, 0.81786, 0.02999, 5.46628, 0.71883, 0.04961, 4.57725, 0.54778, 0.48933, 5.12475, 0.57369, 0.51678, 4.60021, 0.76088, 0.47516, 5.11723, 0.77110, 0.49420, 5.01620, 0.66698, 0.49307, 4.70549, 0.65498, 0.49738
4.21296, 0.63143, 0.10176, 5.13053, 0.50239, 0.09742, 4.67173, 0.81811, 0.03343, 5.38322, 0.72917, 0.07291, 4.51306, 0.55233, 0.48143, 5.06433, 0.57888, 0.52937, 4.55396, 0.76367, 0.48165, 5.05487, 0.77645, 0.50894, 4.95489, 0.67135, 0.50649, 4.64410, 0.65477, 0.49994
4.14568, 0.64533, 0.10071, 4.98268, 0.51314, 0.07843, 4.66514, 0.82001, 0.03796, 5.23991, 0.75113, 0.07559, 4.45275, 0.55359, 0.47834, 5.00390, 0.58276, 0.53961, 4.50074, 0.76311, 0.48848, 4.99164, 0.78029, 0.52040, 4.89293, 0.67396, 0.51920, 4.58237, 0.65343, 0.50453
4.08289, 0.65752, 0.10341, 4.83650, 0.52597, 0.05338, 4.64911, 0.82065, 0.04671, 5.07705, 0.76699, 0.08287, 4.39372, 0.55333, 0.47999, 4.94374, 0.58458, 0.54677, 4.44423, 0.76172, 0.49484, 4.92938, 0.78229, 0.53112, 4.83150, 0.67520, 0.53131, 4.52143, 0.65167, 0.50925
4.02182, 0.66663, 0.10841, 4.70347, 0.53784, 0.02571, 4.61391, 0.82174, 0.05826, 4.91068, 0.77541, 0.08211, 4.33515, 0.55333, 0.48370, 4.88425, 0.58426, 0.55218, 4.38195, 0.76280, 0.50245, 4.86905, 0.78221, 0.54099, 4.77148, 0.67483, 0.54089, 4.46191, 0.65026, 0.51301
3.95748, 0.67144, 0.11410, 4.61978, 0.56201, 0.00744, 4.52579, 0.81639, 0.08836, 4.75041, 0.77166, 0.06779, 4.27603, 0.55430, 0.48544, 4.82505, 0.58253, 0.55572, 4.31877, 0.76501, 0.50294, 4.80988, 0.78071, 0.54985, 4.71226, 0.67341, 0.54736, 4.40317, 0.64936, 0.51481
3.88933, 0.67071, 0.11771, 4.59359, 0.59542, -0.00101, 4.40191, 0.81466, 0.11851, 4.60685, 0.77001, 0.03588, 4.21658, 0.55778, 0.48459, 4.76613, 0.58050, 0.55341, 4.25817, 0.76769, 0.51090, 4.75001, 0.77868, 0.55538, 4.65283, 0.67108, 0.55036, 4.34395, 0.64998, 0.51528
3.82012, 0.66739, 0.11840, 4.61632, 0.61432, -0.01671, 4.25771, 0.80844, 0.13520, 4.52022, 0.76727, -0.00725, 4.15590, 0.56132, 0.48203, 4.70729, 0.57868, 0.54602, 4.19670, 0.76885, 0.52267, 4.68917, 0.77630, 0.55850, 4.59305, 0.66807, 0.54869, 4.28407, 0.65060, 0.51447
3.75254, 0.66585, 0.11734, 4.61626, 0.61612, -0.02307, 4.10548, 0.79562, 0.14985, 4.50800, 0.76473, -0.01840, 4.09426, 0.56383, 0.47823, 4.64810, 0.57793, 0.53417, 4.13448, 0.76841, 0.53276, 4.62662, 0.77420, 0.55775, 4.53236, 0.66508, 0.54171, 4.22288, 0.65097, 0.51365
3.69364, 0.66416, 0.10765, 4.61638, 0.61412, -0.02523, 3.95509, 0.78574, 0.16324, 4.52979, 0.76902, -0.02165, 4.03145, 0.56499, 0.47516, 4.58817, 0.57876, 0.52114, 4.07189, 0.76880, 0.53468, 4.56207, 0.77357, 0.55128, 4.47044, 0.66305, 0.53032, 4.16033, 0.65082, 0.51331
3.64679, 0.66184, 0.08508, 4.62824, 0.61366, -0.02325, 3.81431, 0.78098, 0.16483, 4.52659, 0.77112, -0.02393, 3.96504, 0.56640, 0.47281, 4.52617, 0.58011, 0.50821, 4.00158, 0.77095, 0.53011, 4.49693, 0.77369, 0.54298, 4.40728, 0.66292, 0.51573, 4.09675, 0.65117, 0.51188
3.61064, 0.66442, 0.05862, 4.63860, 0.61313, -0.01203, 3.67813, 0.78070, 0.15396, 4.52001, 0.76981, -0.02611, 3.89636, 0.56826, 0.47119, 4.46052, 0.58489, 0.51012, 3.92644, 0.77351, 0.52267, 4.42852, 0.78035, 0.52773, 4.34064, 0.66659, 0.50819, 4.03032, 0.65351, 0.51028
3.59278, 0.67038, 0.02699, 4.63924, 0.60877, 0.02048, 3.56030, 0.78125, 0.14297, 4.53765, 0.77142, -0.01732, 3.82817, 0.57039, 0.46848, 4.39376, 0.59750, 0.51848, 3.84611, 0.77582, 0.50624, 4.36080, 0.79339, 0.52756, 4.27319, 0.67819, 0.51732, 3.96319, 0.65919, 0.51194
3.57048, 0.67642, 0.01852, 4.59079, 0.59569, 0.05808, 3.46616, 0.78767, 0.10470, 4.53621, 0.77228, 0.01233, 3.75849, 0.57085, 0.46682, 4.32242, 0.60586, 0.52677, 3.75894, 0.77268, 0.48851, 4.29036, 0.80209, 0.52859, 4.20216, 0.68698, 0.52426, 3.89234, 0.66598, 0.51224
3.57168, 0.68146, 0.01440, 4.49093, 0.59967, 0.09200, 3.40681, 0.78628, 0.05953, 4.48917, 0.78852, 0.05463, 3.68982, 0.56976, 0.46512, 4.24810, 0.60956, 0.53457, 3.67622, 0.76658, 0.47304, 4.21948, 0.80633, 0.53646, 4.12923, 0.69275, 0.53450, 3.81972, 0.67213, 0.51223
3.57188, 0.68268, 0.01404, 4.33525, 0.58632, 0.10660, 3.37031, 0.78542, 0.02962, 4.37629, 0.80303, 0.08498, 3.63326, 0.56470, 0.46586, 4.17260, 0.60980, 0.53803, 3.59965, 0.76184, 0.46320, 4.15206, 0.80754, 0.54202, 4.05726, 0.69772, 0.54193, 3.74785, 0.67889, 0.51209
3.57407, 0.68158, 0.01481, 4.14916, 0.57623, 0.10024, 3.34438, 0.79183, 0.02487, 4.20024, 0.82483, 0.09030, 3.59033, 0.56140, 0.47515, 4.10057, 0.60922, 0.54080, 3.53233, 0.76072, 0.45866, 4.08601, 0.80747, 0.54585, 3.98811, 0.70046, 0.54965, 3.67890, 0.68539, 0.51454
3.57507, 0.67700, 0.01970, 3.94788, 0.57712, 0.08541, 3.34157, 0.78897, 0.02311, 4.00734, 0.83585, 0.07846, 3.54082, 0.56458, 0.49331, 4.03273, 0.60878, 0.54088, 3.48057, 0.76748, 0.46693, 4.02203, 0.80715, 0.54959, 3.92264, 0.70177, 0.55772, 3.61318, 0.69033, 0.52540
3.56978, 0.67148, 0.03354, 3.75476, 0.58011, 0.07158, 3.34219, 0.78991, 0.02489, 3.79807, 0.83549, 0.06552, 3.48353, 0.56549, 0.52147, 3.97000, 0.60786, 0.53705, 3.43637, 0.76915, 0.48920, 3.96230, 0.80602, 0.55165, 3.86268, 0.70140, 0.56504, 3.55244, 0.69049, 0.54710
3.54080, 0.66990, 0.06242, 3.61540, 0.58831, 0.02581, 3.33662, 0.79107, 0.03251, 3.61116, 0.82537, 0.04819, 3.42900, 0.56580, 0.55053, 3.91260, 0.60869, 0.53184, 3.38897, 0.76781, 0.52393, 3.90442, 0.80682, 0.54659, 3.80810, 0.70121, 0.57145, 3.49831, 0.68794, 0.57675
3.47280, 0.66080, 0.10177, 3.55424, 0.60827, -0.00246, 3.31195, 0.79120, 0.05880, 3.50620, 0.84229, 0.00118, 3.37145, 0.56071, 0.58728, 3.85551, 0.61251, 0.51829, 3.33092, 0.76527, 0.56717, 3.84367, 0.81043, 0.53328, 3.75419, 0.70239, 0.57028, 3.44755, 0.68401, 0.60870
3.36773, 0.65779, 0.16448, 3.54640, 0.61006, -0.01823, 3.26860, 0.79054, 0.11290, 3.46639, 0.81636, -0.01764, 3.31245, 0.55183, 0.64325, 3.79367, 0.61604, 0.49695, 3.27271, 0.76144, 0.61934, 3.78019, 0.81381, 0.51254, 3.69716, 0.70449, 0.55948, 3.39811, 0.67886, 0.63961
3.24111, 0.65295, 0.25513, 3.54474, 0.60936, -0.02595, 3.21016, 0.78230, 0.19753, 3.45575, 0.83681, -0.01292, 3.26288, 0.54551, 0.70746, 3.72786, 0.62186, 0.47797, 3.21695, 0.75451, 0.67304, 3.70958, 0.81871, 0.49934, 3.63035, 0.70599, 0.54478, 3.34730, 0.67343, 0.67103
3.11400, 0.63927, 0.35231, 3.54876, 0.60792, -0.02978, 3.12338, 0.77080, 0.29819, 3.45803, 0.83409, -0.02100, 3.22311, 0.54786, 0.77019, 3.66009, 0.62814, 0.47365, 3.16287, 0.74978, 0.73010, 3.63305, 0.82372, 0.49727, 3.55622, 0.70722, 0.53695, 3.29531, 0.66904, 0.70341
2.99537, 0.62224, 0.46167, 3.55639, 0.61090, -0.03021, 3.02082, 0.75796, 0.41018, 3.45810, 0.83442, -0.02397, 3.17437, 0.56015, 0.82851, 3.59242, 0.63375, 0.49592, 3.10819, 0.74593, 0.79046, 3.55424, 0.82804, 0.51418, 3.48218, 0.70842, 0.55353, 3.23640, 0.66470, 0.73937
2.88864, 0.60609, 0.57857, 3.56576, 0.61645, -0.02522, 2.92117, 0.74183, 0.53038, 3.46944, 0.83262, -0.02943, 3.10374, 0.57130, 0.88265, 3.52383, 0.63493, 0.52797, 3.05231, 0.73691, 0.85136, 3.47643, 0.82775, 0.53845, 3.40926, 0.70640, 0.58101, 3.17469, 0.66061, 0.77990
2.78903, 0.59708, 0.68868, 3.57592, 0.61919, -0.00247, 2.82716, 0.72645, 0.64655, 3.49403, 0.82734, -0.01848, 3.01651, 0.57645, 0.92944, 3.45280, 0.63305, 0.56498, 2.98612, 0.72272, 0.90500, 3.40300, 0.82541, 0.57258, 3.33756, 0.70392, 0.61739, 3.10751, 0.65770, 0.82189
2.68990, 0.59193, 0.78275, 3.54269, 0.60986, 0.03504, 2.73564, 0.71696, 0.74139, 3.48964, 0.81789, 0.01654, 2.92823, 0.57111, 0.96734, 3.38373, 0.62572, 0.61280, 2.91130, 0.71358, 0.94929, 3.33605, 0.81872, 0.61701, 3.27020, 0.69895, 0.66569, 3.03737, 0.65351, 0.86761
2.59768, 0.58266, 0.85759, 3.45989, 0.59793, 0.07595, 2.64875, 0.70815, 0.80597, 3.41886, 0.82038, 0.06065, 2.85039, 0.56025, 0.99904, 3.31957, 0.62039, 0.66663, 2.83452, 0.71071, 0.98460, 3.27251, 0.81359, 0.66715, 3.20674, 0.69510, 0.71895, 2.96608, 0.64886, 0.91138
2.51774, 0.57241, 0.91450, 3.35877, 0.59880, 0.11789, 2.56344, 0.69705, 0.85787, 3.31459, 0.79194, 0.10036, 2.77748, 0.55192, 1.02572, 3.25928, 0.61496, 0.71924, 2.76530, 0.70975, 1.01388, 3.21368, 0.80850, 0.71878, 3.14678, 0.69072, 0.77076, 2.89502, 0.64485, 0.94843
2.44305, 0.56236, 0.95732, 3.25576, 0.59341, 0.16879, 2.48244, 0.68491, 0.90255, 3.21627, 0.75512, 0.14936, 2.70771, 0.54388, 1.04667, 3.20254, 0.61021, 0.76890, 2.70077, 0.71193, 1.03941, 3.15846, 0.80411, 0.76851, 3.09009, 0.68671, 0.81943, 2.82850, 0.64067, 0.98211
2.37450, 0.55067, 0.98654, 3.13215, 0.58765, 0.22663, 2.40872, 0.67452, 0.93763, 3.10588, 0.72328, 0.20388, 2.64239, 0.53571, 1.06550, 3.14680, 0.60481, 0.81356, 2.63633, 0.71223, 1.05988, 3.10566, 0.79936, 0.81472, 3.03491, 0.68248, 0.86355, 2.76459, 0.63619, 1.01126
2.31584, 0.53757, 0.99943, 3.01660, 0.58631, 0.30342, 2.34020, 0.66314, 0.96032, 3.00671, 0.68927, 0.27266, 2.57981, 0.52908, 1.08508, 3.08990, 0.59907, 0.85286, 2.57300, 0.71122, 1.07776, 3.05214, 0.79427, 0.85633, 2.97884, 0.67798, 0.90275, 2.70153, 0.63145, 1.03690
2.25264, 0.53094, 1.01287, 2.90042, 0.57948, 0.39650, 2.27524, 0.65175, 0.97274, 2.90966, 0.67044, 0.35602, 2.51973, 0.52214, 1.10249, 3.03122, 0.59395, 0.88528, 2.51041, 0.70846, 1.09426, 2.99540, 0.78942, 0.89224, 2.92126, 0.67310, 0.93719, 2.63833, 0.62647, 1.05913
2.18758, 0.52676, 1.02231, 2.78686, 0.57758, 0.50238, 2.21264, 0.64122, 0.97730, 2.80550, 0.65224, 0.46002, 2.45620, 0.51704, 1.11948, 2.97008, 0.58984, 0.91148, 2.44837, 0.70622, 1.10839, 2.93392, 0.78509, 0.92183, 2.86095, 0.66796, 0.96660, 2.57399, 0.62172, 1.07890
2.12020, 0.52340, 1.02325, 2.68508, 0.58301, 0.61683, 2.15076, 0.63200, 0.97500, 2.71736, 0.62857, 0.57980, 2.39121, 0.51276, 1.13624, 2.90775, 0.58603, 0.93372, 2.38413, 0.70300, 1.12075, 2.86927, 0.78066, 0.94714, 2.79831, 0.66201, 0.99116, 2.50846, 0.61690, 1.09630
2.05162, 0.52218, 1.01671, 2.60459, 0.58584, 0.72711, 2.08875, 0.62455, 0.96593, 2.67832, 0.63784, 0.62687, 2.32491, 0.50864, 1.15174, 2.84331, 0.58253, 0.95111, 2.31758, 0.69893, 1.13186, 2.80361, 0.77633, 0.97121, 2.73411, 0.65581, 1.01238, 2.44191, 0.61219, 1.11139
1.98405, 0.52219, 1.00175, 2.53579, 0.58081, 0.80084, 2.02648, 0.61859, 0.95092, 2.54724, 0.62710, 0.72210, 2.25780, 0.50543, 1.16499, 2.77828, 0.57833, 0.96647, 2.24931, 0.69429, 1.14126, 2.73974, 0.77140, 0.99437, 2.67002, 0.64972, 1.03154, 2.37546, 0.60760, 1.12383
1.91900, 0.52309, 0.97957, 2.46857, 0.56467, 0.85531, 1.96371, 0.61365, 0.93218, 2.44567, 0.64432, 0.82851, 2.19047, 0.50294, 1.17543, 2.71443, 0.57192, 0.98264, 2.17951, 0.68899, 1.14756, 2.67825, 0.76465, 1.01554, 2.60600, 0.64302, 1.04773, 2.30913, 0.60281, 1.13311
1.85612, 0.52441, 0.95246, 2.40019, 0.54051, 0.88494, 1.90015, 0.60938, 0.91131, 2.37661, 0.65267, 0.85445, 2.12409, 0.49951, 1.18254, 2.65375, 0.56365, 1.00486, 2.10928, 0.68277, 1.15045, 2.61883, 0.75705, 1.03514, 2.54368, 0.63658, 1.06497, 2.24395, 0.59775, 1.14045
1.79552, 0.52427, 0.92162, 2.33448, 0.52457, 0.90137, 1.83590, 0.60604, 0.88845, 2.31382, 0.65960, 0.86162, 2.05851, 0.49435, 1.18630, 2.59297, 0.55532, 1.02820, 2.03880, 0.67647, 1.15019, 2.55969, 0.74936, 1.05608, 2.48199, 0.63011, 1.08421, 2.17913, 0.59268, 1.14670
1.73679, 0.52296, 0.88841, 2.26862, 0.51803, 0.90600, 1.77148, 0.60473, 0.86314, 2.25835, 0.66748, 0.89196, 1.99302, 0.48784, 1.18595, 2.53030, 0.54758, 1.04928, 1.96875, 0.67076, 1.14669, 2.50090, 0.74189, 1.07958, 2.41920, 0.62421, 1.10252, 2.11363, 0.58794, 1.15118
1.67877, 0.52136, 0.85433, 2.20765, 0.51773, 0.89892, 1.70642, 0.60472, 0.83527, 2.21220, 0.66023, 0.89052, 1.92872, 0.47914, 1.18120, 2.46682, 0.54033, 1.07045, 1.90004, 0.66582, 1.14020, 2.44018, 0.73478, 1.10233, 2.35496, 0.61862, 1.11949, 2.04728, 0.58314, 1.15356
1.62067, 0.51974, 0.82076, 2.15653, 0.52256, 0.89008, 1.63951, 0.60460, 0.80479, 2.17546, 0.65452, 0.88428, 1.86470, 0.46911, 1.17167, 2.40206, 0.53258, 1.09183, 1.83281, 0.66153, 1.13274, 2.37656, 0.72746, 1.12203, 2.28888, 0.61257, 1.13473, 1.97970, 0.57809, 1.15349
1.56252, 0.51666, 0.78770, 2.11411, 0.52864, 0.88288, 1.56894, 0.60380, 0.77185, 2.14053, 0.64825, 0.87887, 1.80397, 0.45877, 1.15681, 2.33560, 0.52434, 1.11175, 1.76657, 0.65828, 1.12318, 2.31106, 0.71982, 1.13869, 2.22111, 0.60628, 1.14680, 1.91117, 0.57317, 1.14983
1.50375, 0.51392, 0.75457, 2.07792, 0.53857, 0.86832, 1.49820, 0.60291, 0.73805, 2.10291, 0.64124, 0.86988, 1.74814, 0.44993, 1.13694, 2.26737, 0.51647, 1.12899, 1.70228, 0.65559, 1.10950, 2.24419, 0.71258, 1.15229, 2.15201, 0.60058, 1.15487, 1.84221, 0.56826, 1.14193
1.43619, 0.50204, 0.70071, 2.04737, 0.54870, 0.85059, 1.43003, 0.60018, 0.70491, 2.07588, 0.63354, 0.85386, 1.66788, 0.44420, 1.12209, 2.19691, 0.50876, 1.14309, 1.63835, 0.65220, 1.09031, 2.17499, 0.70529, 1.16393, 2.08119, 0.59469, 1.15964, 1.77251, 0.56344, 1.12952
1.37266, 0.49839, 0.67252, 2.02146, 0.55342, 0.83414, 1.36189, 0.59364, 0.67201, 2.06056, 0.62366, 0.84530, 1.58932, 0.44104, 1.09908, 2.12494, 0.50160, 1.15453, 1.57128, 0.64938, 1.06934, 2.10430, 0.69842, 1.17389, 2.00956, 0.58933, 1.16081, 1.70293, 0.55983, 1.11398
1.30938, 0.49477, 0.64466, 1.99897, 0.55788, 0.82169, 1.29380, 0.58570, 0.63914, 2.03866, 0.62042, 0.83738, 1.52493, 0.43579, 1.07638, 2.05074, 0.49440, 1.16207, 1.50479, 0.64596, 1.04565, 2.03066, 0.69127, 1.18153, 1.93635, 0.58355, 1.15807, 1.63279, 0.55651, 1.09462
1.24494, 0.49023, 0.61607, 1.97679, 0.56414, 0.81389, 1.22590, 0.57781, 0.60637, 2.01083, 0.61250, 0.83000, 1.46010, 0.43086, 1.05173, 1.97482, 0.48749, 1.16525, 1.43780, 0.64205, 1.01962, 1.95410, 0.68423, 1.18535, 1.86193, 0.57753, 1.15118, 1.56237, 0.55295, 1.07205
1.17971, 0.48306, 0.58648, 1.95258, 0.56473, 0.80778, 1.15778, 0.57017, 0.57291, 1.97751, 0.60845, 0.82556, 1.39472, 0.42654, 1.02493, 1.89746, 0.48090, 1.16384, 1.36937, 0.63791, 0.99116, 1.87512, 0.67743, 1.18420, 1.78652, 0.57133, 1.14012, 1.49158, 0.54934, 1.04681
1.11310, 0.47566, 0.55509, 1.92671, 0.56250, 0.80090, 1.08968, 0.56279, 0.53793, 1.94812, 0.61037, 0.82064, 1.32820, 0.42262, 0.99518, 1.81940, 0.47435, 1.15682, 1.30012, 0.63384, 0.96048, 1.79484, 0.67058, 1.17752, 1.71072, 0.56489, 1.12459, 1.42056, 0.54550, 1.01897
1.04538, 0.46916, 0.52079, 1.89793, 0.55848, 0.79204, 1.02241, 0.55531, 0.50079, 1.92021, 0.61418, 0.81317, 1.26077, 0.41882, 0.96223, 1.74159, 0.46759, 1.14411, 1.23088, 0.62971, 0.92702, 1.71471, 0.66346, 1.16535, 1.63563, 0.55830, 1.10420, 1.34984, 0.54149, 0.98857
0.97779, 0.46337, 0.48312, 1.86468, 0.55552, 0.78248, 0.95659, 0.54816, 0.46027, 1.88846, 0.61564, 0.80170, 1.19275, 0.41470, 0.92666, 1.66480, 0.46039, 1.12587, 1.16203, 0.62510, 0.89080, 1.63578, 0.65586, 1.14799, 1.56160, 0.55141, 1.07989, 1.27962, 0.53703, 0.95588
0.91170, 0.45840, 0.44152, 1.82593, 0.55198, 0.77046, 0.89254, 0.54200, 0.41674, 1.85178, 0.61190, 0.78599, 1.12441, 0.41014, 0.88840, 1.58890, 0.45241, 1.10331, 1.09438, 0.62010, 0.85194, 1.55902, 0.64762, 1.12651, 1.48851, 0.54428, 1.05302, 1.21027, 0.53209, 0.92084
0.84735, 0.45366, 0.39636, 1.78147, 0.54723, 0.75449, 0.83173, 0.53693, 0.36976, 1.80805, 0.60364, 0.76418, 1.05651, 0.40561, 0.84754, 1.51374, 0.44362, 1.07833, 1.02780, 0.61518, 0.81064, 1.48528, 0.63893, 1.10249, 1.41638, 0.53722, 1.02531, 1.14253, 0.52720, 0.88366
0.78447, 0.44973, 0.34864, 1.72875, 0.54146, 0.73410, 0.77543, 0.53405, 0.31857, 1.75542, 0.59131, 0.73510, 0.98967, 0.40134, 0.80391, 1.44042, 0.43525, 1.05080, 0.96265, 0.61046, 0.76687, 1.41382, 0.63071, 1.07586, 1.34573, 0.53054, 0.99600, 1.07685, 0.52250, 0.84421
0.72324, 0.44654, 0.29890, 1.66733, 0.53401, 0.70938, 0.72557, 0.53318, 0.26259, 1.69147, 0.58133, 0.69793, 0.92424, 0.39727, 0.75796, 1.36877, 0.42747, 1.02091, 0.89948, 0.60583, 0.72041, 1.34333, 0.62292, 1.04723, 1.27646, 0.52419, 0.96458, 1.01317, 0.51789, 0.80229
0.66357, 0.44439, 0.24667, 1.59633, 0.52626, 0.68006, 0.68410, 0.53486, 0.20164, 1.61501, 0.57442, 0.65599, 0.86042, 0.39356, 0.70933, 1.29725, 0.42068, 0.99004, 0.83782, 0.60128, 0.67146, 1.27287, 0.61621, 1.01678, 1.20766, 0.51863, 0.93149, 0.95099, 0.51352, 0.75812
0.60737, 0.44422, 0.19155, 1.51554, 0.51767, 0.64454, 0.65062, 0.53906, 0.13886, 1.52578, 0.56928, 0.60881, 0.79761, 0.39000, 0.65835, 1.22630, 0.41527, 0.95723, 0.77699, 0.59653, 0.62038, 1.20266, 0.61094, 0.98355, 1.13887, 0.51390, 0.89659, 0.88971, 0.50925, 0.71193
0.55592, 0.44328, 0.13290, 1.42466, 0.50938, 0.60060, 0.62289, 0.54461, 0.07699, 1.42627, 0.56371, 0.55495, 0.73499, 0.38674, 0.60556, 1.15585, 0.41026, 0.92172, 0.71757, 0.59195, 0.56728, 1.13343, 0.60621, 0.94701, 1.06988, 0.50932, 0.85971, 0.82851, 0.50493, 0.66430
0.51115, 0.44125, 0.07208, 1.32615, 0.49941, 0.54668, 0.59788, 0.54934, 0.02866, 1.31847, 0.56194, 0.49236, 0.67190, 0.38388, 0.55236, 1.08609, 0.40529, 0.88275, 0.66190, 0.58925, 0.51390, 1.06573, 0.60161, 0.90696, 1.00082, 0.50483, 0.82053, 0.76698, 0.50036, 0.61553
0.47078, 0.44447, 0.02458, 1.22194, 0.48746, 0.48193, 0.60882, 0.54440, 0.02268, 1.20600, 0.56502, 0.42079, 0.60889, 0.38372, 0.50551, 1.01809, 0.40100, 0.84132, 0.60172, 0.59152, 0.47078, 1.00031, 0.59774, 0.86411, 0.93256, 0.50086, 0.78000, 0.70304, 0.49825, 0.56997
0.46003, 0.45258, 0.01407, 1.11229, 0.47227, 0.40575, 0.61311, 0.54712, 0.02013, 1.09099, 0.57368, 0.34006, 0.54049, 0.37108, 0.47458, 0.95327, 0.39755, 0.79719, 0.55164, 0.58284, 0.44043, 0.93769, 0.59462, 0.81865, 0.86549, 0.49728, 0.73890, 0.63233, 0.48798, 0.53404
0.46551, 0.45327, 0.01284, 0.99513, 0.45254, 0.32114, 0.61444, 0.55136, 0.01987, 0.97147, 0.58316, 0.24962, 0.47476, 0.36142, 0.45032, 0.89299, 0.39445, 0.75099, 0.50429, 0.56780, 0.42263, 0.87973, 0.59187, 0.77069, 0.80087, 0.49361, 0.69875, 0.55962, 0.47873, 0.50560
0.46798, 0.45157, 0.01219, 0.87155, 0.43034, 0.23182, 0.61279, 0.55566, 0.02153, 0.84612, 0.59042, 0.15379, 0.42278, 0.35618, 0.43442, 0.84627, 0.39222, 0.70770, 0.44229, 0.55900, 0.40948, 0.83477, 0.59018, 0.72247, 0.74838, 0.48971, 0.66340, 0.49318, 0.47255, 0.48847
0.47105, 0.44841, 0.01439, 0.74932, 0.40632, 0.14110, 0.60424, 0.55646, 0.02745, 0.72972, 0.58800, 0.06310, 0.36573, 0.34736, 0.43287, 0.81159, 0.39315, 0.66525, 0.37318, 0.55258, 0.40962, 0.79853, 0.59152, 0.66956, 0.70760, 0.48680, 0.62699, 0.43235, 0.46528, 0.48402
0.47077, 0.44349, 0.01998, 0.64282, 0.38502, 0.05258, 0.58001, 0.55321, 0.03962, 0.65927, 0.57683, 0.00618, 0.30352, 0.33703, 0.43803, 0.77451, 0.39295, 0.62555, 0.29631, 0.54799, 0.42067, 0.75805, 0.59105, 0.62086, 0.66645, 0.48291, 0.58981, 0.37387, 0.45707, 0.48615
0.46490, 0.43690, 0.02921, 0.57584, 0.37175, -0.01054, 0.53314, 0.54551, 0.05481, 0.61372, 0.55917, -0.02388, 0.23706, 0.32858, 0.44598, 0.73485, 0.39354, 0.57835, 0.21703, 0.54338, 0.43600, 0.71286, 0.59112, 0.57424, 0.62120, 0.48045, 0.55428, 0.31745, 0.44979, 0.49109
0.44852, 0.42706, 0.04184, 0.56044, 0.37366, -0.02457, 0.43132, 0.53152, 0.08842, 0.62486, 0.56716, -0.02430, 0.17312, 0.32176, 0.45545, 0.68854, 0.39249, 0.52807, 0.15026, 0.53574, 0.44918, 0.66129, 0.58945, 0.52662, 0.57065, 0.47648, 0.51820, 0.26132, 0.44355, 0.49652
0.41100, 0.42023, 0.06210, 0.57655, 0.37321, -0.03002, 0.28772, 0.51005, 0.11734, 0.62156, 0.56932, -0.02967, 0.11595, 0.31634, 0.46469, 0.63524, 0.38890, 0.48576, 0.07827, 0.52747, 0.46453, 0.60386, 0.58525, 0.48753, 0.51522, 0.47038, 0.48787, 0.20529, 0.43857, 0.50030
0.32729, 0.40455, 0.07041, 0.56568, 0.37310, -0.03156, 0.11985, 0.48408, 0.12562, 0.61370, 0.57164, -0.03228, 0.05212, 0.31016, 0.47566, 0.57379, 0.38296, 0.46110, 0.00476, 0.51816, 0.48298, 0.54259, 0.57906, 0.47172, 0.45401, 0.46415, 0.47161, 0.14530, 0.43366, 0.50126
0.18506, 0.38810, 0.08702, 0.57549, 0.37657, -0.03390, -0.05774, 0.46266, 0.13631, 0.62639, 0.56981, -0.03456, -0.02123, 0.30188, 0.49243, 0.50712, 0.37710, 0.44987, -0.06393, 0.50786, 0.50280, 0.47504, 0.57294, 0.46239, 0.38698, 0.45765, 0.46119, 0.07987, 0.42710, 0.50122
0.01605, 0.37298, 0.09412, 0.58701, 0.38067, -0.03046, -0.22020, 0.45191, 0.15119, 0.64991, 0.56819, -0.02694, -0.09552, 0.29285, 0.50868, 0.43827, 0.36847, 0.45184, -0.13150, 0.49511, 0.51305, 0.40639, 0.56433, 0.46442, 0.31804, 0.44944, 0.45793, 0.01222, 0.41791, 0.50123
-0.14960, 0.35697, 0.09803, 0.59795, 0.38350, -0.01882, -0.36177, 0.44062, 0.14596, 0.65744, 0.56314, -0.00467, -0.17654, 0.28982, 0.51663, 0.36633, 0.35609, 0.46159, -0.19989, 0.49010, 0.51196, 0.33697, 0.55222, 0.47611, 0.24737, 0.43914, 0.46089, -0.05827, 0.41016, 0.50084
-0.30902, 0.33108, 0.10067, 0.59545, 0.38492, 0.00312, -0.49459, 0.42670, 0.12883, 0.63624, 0.55879, 0.02554, -0.24810, 0.28515, 0.52181, 0.29221, 0.34275, 0.47710, -0.26399, 0.48832, 0.49990, 0.26547, 0.53925, 0.49163, 0.17504, 0.42798, 0.46949, -0.13197, 0.40099, 0.49783
-0.45711, 0.30430, 0.09853, 0.56586, 0.37791, 0.02697, -0.58728, 0.42696, 0.08286, 0.58524, 0.56041, 0.04741, -0.32027, 0.27839, 0.51869, 0.21384, 0.32957, 0.49286, -0.33740, 0.48327, 0.48112, 0.19019, 0.52643, 0.50785, 0.09903, 0.41723, 0.47934, -0.20927, 0.39297, 0.49374
-0.59745, 0.28552, 0.09737, 0.51073, 0.36500, 0.04573, -0.63350, 0.43070, 0.03662, 0.50716, 0.53993, 0.06369, -0.38952, 0.26814, 0.51008, 0.13337, 0.31762, 0.50585, -0.41541, 0.47427, 0.46076, 0.11257, 0.51454, 0.52396, 0.02085, 0.40767, 0.48912, -0.28827, 0.38604, 0.48911
-0.72344, 0.26828, 0.10402, 0.42204, 0.35302, 0.05529, -0.65720, 0.42833, 0.02342, 0.41531, 0.51562, 0.08172, -0.46251, 0.25640, 0.49202, 0.05197, 0.30767, 0.51631, -0.49909, 0.46410, 0.44630, 0.03249, 0.50439, 0.53780, -0.05915, 0.39915, 0.49808, -0.36841, 0.37932, 0.48374
-0.83826, 0.24952, 0.10093, 0.32709, 0.33882, 0.07771, -0.66928, 0.43224, 0.02024, 0.30561, 0.50039, 0.08914, -0.54318, 0.24530, 0.47154, -0.02910, 0.29976, 0.52552, -0.58236, 0.45283, 0.43160, -0.04945, 0.49620, 0.54868, -0.13975, 0.39134, 0.50510, -0.44835, 0.37050, 0.47804
-0.94379, 0.23702, 0.09041, 0.21865, 0.31963, 0.09344, -0.66858, 0.43114, 0.02018, 0.17763, 0.48515, 0.09045, -0.62584, 0.23041, 0.45353, -0.10930, 0.29438, 0.53455, -0.65353, 0.44057, 0.41823, -0.13297, 0.49075, 0.55497, -0.22029, 0.38431, 0.50920, -0.52737, 0.35587, 0.47201
-1.03405, 0.23916, 0.07297, 0.08703, 0.30022, 0.09634, -0.67157, 0.43285, 0.02219, 0.03995, 0.46918, 0.09658, -0.70936, 0.21753, 0.44100, -0.18764, 0.29107, 0.54142, -0.71048, 0.43015, 0.40631, -0.21488, 0.48742, 0.55705, -0.29958, 0.37857, 0.51203, -0.60443, 0.34038, 0.46466
-1.10233, 0.24377, 0.04644, -0.05412, 0.28505, 0.09798, -0.67579, 0.43617, 0.02511, -0.09842, 0.45735, 0.10207, -0.79462, 0.21178, 0.43646, -0.26256, 0.28828, 0.54824, -0.76266, 0.42099, 0.40173, -0.29253, 0.48470, 0.55604, -0.37593, 0.37290, 0.51609, -0.67837, 0.32698, 0.45929
-1.14687, 0.25618, 0.01699, -0.19497, 0.26723, 0.09775, -0.68596, 0.43406, 0.03027, -0.23771, 0.44682, 0.09900, -0.87788, 0.21191, 0.43371, -0.33304, 0.28536, 0.55325, -0.82266, 0.41501, 0.40939, -0.36681, 0.48132, 0.55215, -0.44850, 0.36616, 0.51874, -0.74907, 0.31544, 0.45598
-1.19120, 0.26011, 0.01254, -0.33409, 0.25147, 0.09438, -0.71741, 0.42716, 0.04166, -0.38550, 0.43666, 0.09005, -0.95546, 0.20965, 0.41993, -0.39905, 0.27987, 0.55379, -0.89490, 0.40815, 0.41909, -0.43693, 0.47501, 0.54904, -0.51715, 0.35744, 0.52090, -0.81587, 0.30355, 0.45121
-1.22490, 0.26279, 0.01208, -0.47021, 0.23543, 0.08731, -0.77763, 0.41504, 0.08023, -0.53717, 0.42610, 0.07935, -1.01505, 0.19629, 0.40687, -0.46156, 0.26964, 0.55058, -0.96436, 0.39612, 0.42547, -0.50242, 0.46424, 0.55081, -0.58221, 0.34593, 0.52463, -0.87913, 0.29039, 0.44803
-1.24888, 0.26249, 0.01229, -0.60489, 0.21469, 0.07564, -0.86863, 0.40402, 0.10048, -0.68091, 0.41331, 0.05877, -1.06431, 0.17759, 0.40263, -0.52170, 0.25746, 0.54549, -1.03349, 0.38181, 0.43413, -0.56477, 0.45142, 0.55362, -0.64431, 0.33292, 0.52756, -0.94075, 0.27764, 0.44860
-1.26393, 0.25821, 0.01221, -0.73719, 0.19298, 0.05806, -0.97958, 0.39161, 0.11073, -0.81187, 0.39496, 0.01997, -1.11515, 0.16298, 0.40249, -0.57732, 0.24631, 0.53870, -1.09527, 0.36967, 0.43886, -0.62226, 0.43959, 0.55137, -0.70147, 0.32048, 0.52711, -0.99927, 0.26715, 0.45193
-1.28631, 0.25272, 0.01296, -0.86630, 0.17186, 0.03690, -1.09993, 0.37686, 0.10641, -0.91656, 0.37452, -0.01478, -1.16524, 0.15436, 0.40323, -0.62943, 0.23751, 0.53074, -1.15483, 0.36425, 0.44084, -0.67634, 0.43038, 0.54247, -0.75491, 0.30995, 0.52321, -1.05542, 0.26109, 0.45654
-1.31518, 0.24822, 0.01379, -0.98500, 0.15788, 0.02192, -1.22959, 0.36359, 0.10276, -1.00099, 0.36994, -0.01046, -1.20922, 0.14770, 0.40469, -0.68043, 0.23167, 0.52000, -1.21464, 0.36050, 0.44207, -0.73103, 0.42362, 0.53155, -0.80770, 0.30128, 0.51722, -1.11062, 0.25672, 0.45996
-1.34338, 0.24870, 0.01417, -1.08509, 0.14886, 0.01839, -1.36145, 0.34748, 0.10442, -1.05408, 0.36037, -0.01269, -1.25278, 0.13922, 0.41003, -0.73088, 0.22761, 0.50470, -1.27357, 0.35324, 0.44035, -0.78479, 0.41854, 0.51812, -0.85954, 0.29452, 0.50916, -1.16419, 0.25102, 0.46252
-1.37006, 0.24698, 0.01481, -1.15940, 0.13959, 0.01298, -1.48665, 0.32386, 0.09753, -1.09291, 0.35723, -0.01752, -1.30404, 0.12774, 0.41909, -0.78105, 0.22435, 0.48666, -1.33438, 0.34192, 0.43665, -0.83662, 0.41464, 0.50221, -0.91005, 0.28954, 0.49920, -1.21586, 0.24412, 0.46489
-1.39731, 0.24480, 0.01830, -1.20695, 0.13489, -0.00769, -1.61123, 0.29849, 0.08182, -1.11127, 0.36189, -0.01710, -1.35355, 0.11709, 0.43181, -0.83246, 0.21744, 0.47248, -1.39697, 0.32853, 0.43589, -0.88425, 0.40887, 0.48698, -0.95958, 0.28494, 0.49074, -1.26624, 0.23874, 0.46782
-1.41602, 0.24247, 0.02498, -1.25373, 0.13297, -0.00810, -1.70661, 0.27678, 0.06889, -1.11097, 0.36039, -0.02197, -1.40749, 0.10903, 0.44763, -0.88436, 0.20479, 0.46384, -1.45542, 0.31634, 0.43008, -0.92736, 0.39860, 0.47521, -1.00774, 0.27819, 0.48482, -1.31546, 0.23535, 0.46993
-1.44166, 0.22424, 0.03757, -1.26537, 0.13037, -0.01605, -1.78379, 0.25625, 0.04102, -1.10224, 0.35980, -0.02818, -1.47016, 0.10449, 0.46603, -0.93692, 0.18879, 0.46143, -1.51184, 0.30208, 0.42011, -0.96845, 0.38479, 0.47285, -1.05598, 0.26936, 0.48100, -1.36482, 0.23212, 0.46860
-1.49377, 0.19017, 0.07569, -1.26387, 0.13144, -0.02080, -1.83264, 0.23547, 0.02164, -1.09029, 0.35860, -0.02980, -1.52009, 0.09946, 0.47588, -0.99009, 0.17364, 0.46766, -1.56799, 0.28554, 0.40946, -1.01173, 0.37100, 0.47868, -1.10549, 0.26034, 0.48234, -1.41501, 0.22844, 0.46586
-1.58414, 0.16544, 0.09035, -1.25965, 0.13338, -0.02428, -1.87589, 0.21891, 0.01999, -1.08915, 0.36194, -0.02150, -1.56782, 0.09757, 0.48663, -1.04361, 0.16298, 0.48042, -1.62420, 0.27015, 0.40113, -1.06043, 0.36084, 0.49071, -1.15728, 0.25286, 0.48746, -1.46679, 0.22516, 0.46259
-1.69200, 0.13473, 0.09763, -1.25388, 0.13497, -0.02736, -1.91378, 0.21111, 0.01874, -1.13562, 0.37013, -0.00540, -1.61266, 0.09358, 0.49193, -1.09707, 0.15768, 0.49447, -1.67678, 0.25937, 0.39527, -1.11429, 0.35539, 0.50694, -1.21081, 0.24775, 0.49488, -1.51944, 0.22064, 0.45996
-1.80746, 0.10709, 0.08880, -1.24615, 0.13600, -0.02843, -1.95366, 0.20614, 0.01903, -1.21708, 0.36689, 0.00293, -1.65705, 0.08585, 0.49135, -1.14918, 0.15497, 0.50816, -1.72461, 0.25341, 0.39143, -1.17020, 0.35232, 0.52054, -1.26416, 0.24327, 0.50236, -1.57119, 0.21304, 0.45798
-1.89250, 0.08196, 0.07808, -1.24119, 0.13624, -0.02475, -1.98515, 0.20107, 0.01909, -1.31254, 0.35485, 0.01536, -1.69925, 0.07079, 0.47704, -1.19992, 0.15303, 0.52052, -1.76782, 0.25202, 0.39101, -1.22558, 0.34993, 0.53102, -1.31642, 0.23882, 0.50977, -1.62127, 0.20274, 0.45662
-1.95720, 0.05529, 0.03810, -1.24445, 0.13726, -0.01885, -2.00890, 0.19743, 0.01924, -1.39440, 0.33523, 0.02580, -1.74243, 0.05642, 0.45800, -1.24924, 0.15159, 0.53144, -1.80413, 0.25281, 0.39391, -1.27948, 0.34797, 0.53913, -1.36736, 0.23463, 0.51723, -1.66900, 0.18985, 0.45473
-2.00075, 0.04766, 0.01275, -1.24995, 0.14331, -0.01561, -2.03319, 0.19490, 0.01984, -1.46977, 0.31454, 0.02845, -1.78565, 0.04540, 0.44400, -1.29601, 0.14986, 0.53936, -1.83308, 0.25133, 0.39974, -1.33073, 0.34559, 0.54418, -1.41605, 0.22995, 0.52430, -1.71371, 0.17568, 0.45271
-2.03817, 0.04272, 0.01320, -1.25323, 0.14956, -0.00778, -2.06289, 0.19263, 0.02068, -1.55409, 0.29069, 0.02044, -1.83539, 0.03572, 0.44341, -1.33691, 0.14740, 0.54376, -1.86112, 0.24566, 0.40392, -1.37717, 0.34212, 0.54509, -1.45951, 0.22368, 0.52958, -1.75476, 0.16377, 0.45259
-2.05605, 0.03747, 0.01170, -1.26407, 0.15380, 0.00357, -2.09477, 0.18938, 0.02123, -1.64234, 0.25937, 0.00736, -1.87672, 0.02950, 0.44601, -1.37095, 0.14464, 0.54511, -1.89108, 0.23913, 0.40630, -1.41931, 0.33751, 0.54375, -1.49705, 0.21544, 0.53351, -1.79197, 0.15528, 0.45509
