0.77263, -0.22846, 0.06379, 0.82657, -0.38029, 0.04628, 0.81009, -0.09154, 0.09478, 1.01820, -0.28681, -0.01823, 0.58222, -0.26374, 0.45591, 1.05921, -0.33270, 0.60416, 0.60824, -0.04941, 0.45630, 1.11943, -0.14874, 0.55861, 0.98873, -0.21088, 0.56891, 0.68641, -0.16659, 0.50670
0.74943, -0.23354, 0.08305, 0.75305, -0.37804, 0.01431, 0.70388, -0.09810, 0.09147, 1.01989, -0.28129, -0.01851, 0.53194, -0.26573, 0.46834, 1.01735, -0.34033, 0.56621, 0.54967, -0.05109, 0.46824, 1.07627, -0.15509, 0.52436, 0.94614, -0.21563, 0.54555, 0.63967, -0.16697, 0.51495
0.71014, -0.23584, 0.09882, 0.70724, -0.37278, -0.01151, 0.57982, -0.10680, 0.10130, 1.01121, -0.27986, -0.02325, 0.48470, -0.26783, 0.48345, 0.97117, -0.34765, 0.53260, 0.49254, -0.05347, 0.48065, 1.03027, -0.16072, 0.49941, 0.90140, -0.22050, 0.52884, 0.59436, -0.16670, 0.52285
0.65877, -0.22996, 0.10740, 0.70725, -0.36431, -0.02487, 0.43826, -0.10765, 0.13037, 1.01545, -0.27860, -0.02833, 0.43784, -0.26814, 0.49613, 0.91998, -0.35374, 0.51003, 0.43596, -0.05422, 0.49603, 0.98275, -0.16630, 0.48851, 0.85354, -0.22505, 0.51858, 0.54777, -0.16540, 0.52882
0.59293, -0.22235, 0.10663, 0.71261, -0.36340, -0.02732, 0.30473, -0.09216, 0.16361, 1.02790, -0.28290, -0.02485, 0.39033, -0.26665, 0.50434, 0.86374, -0.36044, 0.50484, 0.38110, -0.05341, 0.51003, 0.93521, -0.17543, 0.49057, 0.80320, -0.22921, 0.51762, 0.49935, -0.16324, 0.53231
0.50189, -0.22122, 0.10056, 0.71230, -0.36059, -0.03012, 0.20205, -0.07486, 0.17938, 1.03444, -0.28286, -0.01203, 0.33593, -0.26547, 0.51505, 0.80905, -0.36396, 0.50719, 0.32858, -0.05219, 0.51838, 0.88772, -0.18152, 0.49903, 0.75289, -0.23081, 0.52003, 0.45056, -0.16174, 0.53422
0.38644, -0.21213, 0.09191, 0.71797, -0.35951, -0.02969, 0.13295, -0.07898, 0.16613, 1.02920, -0.27584, 0.00640, 0.27856, -0.26467, 0.52296, 0.75686, -0.36415, 0.51370, 0.27896, -0.05142, 0.51758, 0.83895, -0.18305, 0.51198, 0.70241, -0.23019, 0.52547, 0.40023, -0.16179, 0.53553
0.26012, -0.19325, 0.10288, 0.72378, -0.35852, -0.02716, 0.07182, -0.08193, 0.12832, 1.00934, -0.26352, 0.02255, 0.22141, -0.26311, 0.52860, 0.70671, -0.36141, 0.52174, 0.22927, -0.05072, 0.50921, 0.78670, -0.17943, 0.52664, 0.65018, -0.22821, 0.53230, 0.34775, -0.16130, 0.53408
0.14076, -0.18416, 0.12780, 0.72940, -0.35731, -0.02249, 0.00121, -0.07852, 0.10333, 0.96686, -0.24362, 0.03085, 0.16838, -0.26094, 0.53229, 0.65789, -0.35562, 0.53117, 0.17889, -0.05049, 0.49539, 0.73261, -0.17155, 0.53988, 0.59734, -0.22400, 0.53890, 0.29474, -0.15898, 0.52934
0.03707, -0.19055, 0.14335, 0.73178, -0.35575, -0.01430, -0.02935, -0.08270, 0.06999, 0.89699, -0.22383, 0.04634, 0.12069, -0.25694, 0.53345, 0.61024, -0.34729, 0.54192, 0.12861, -0.04916, 0.47816, 0.67780, -0.16046, 0.55042, 0.54469, -0.21789, 0.54462, 0.24226, -0.15463, 0.52139
-0.04932, -0.20475, 0.14385, 0.72872, -0.35516, -0.00312, -0.04626, -0.09108, 0.03965, 0.81551, -0.21619, 0.06858, 0.07531, -0.25126, 0.52957, 0.56260, -0.33646, 0.55351, 0.07730, -0.04694, 0.45948, 0.62196, -0.14673, 0.55786, 0.49166, -0.20997, 0.54943, 0.18986, -0.14881, 0.51225
-0.12121, -0.22050, 0.12587, 0.71944, -0.35447, 0.01128, -0.06034, -0.09892, 0.02803, 0.72939, -0.21386, 0.08775, 0.02827, -0.24763, 0.51969, 0.51379, -0.32368, 0.56521, 0.02569, -0.04366, 0.44736, 0.56504, -0.13156, 0.56342, 0.43795, -0.20066, 0.55239, 0.13664, -0.14304, 0.50560
-0.20217, -0.22251, 0.11847, 0.70073, -0.35644, 0.02535, -0.06513, -0.09932, 0.02442, 0.63962, -0.21514, 0.10042, -0.02261, -0.24772, 0.50497, 0.46312, -0.30972, 0.57637, -0.02387, -0.04216, 0.43994, 0.50729, -0.11603, 0.56792, 0.38371, -0.19057, 0.55301, 0.08165, -0.14036, 0.50232
-0.28237, -0.21488, 0.11711, 0.66682, -0.35972, 0.03518, -0.06434, -0.09667, 0.02803, 0.54249, -0.21307, 0.10565, -0.07735, -0.24961, 0.49186, 0.41134, -0.29535, 0.58485, -0.06729, -0.04471, 0.43344, 0.45010, -0.10078, 0.57148, 0.32980, -0.17970, 0.55283, 0.02611, -0.14123, 0.50083
-0.35516, -0.21200, 0.10647, 0.62125, -0.34187, 0.04278, -0.06519, -0.09093, 0.03724, 0.43420, -0.20693, 0.10210, -0.13937, -0.24969, 0.48213, 0.35974, -0.28248, 0.59065, -0.10488, -0.04586, 0.43405, 0.39377, -0.08721, 0.57475, 0.27627, -0.16969, 0.55377, -0.02839, -0.14424, 0.49894
-0.40559, -0.20950, 0.09059, 0.56532, -0.32913, 0.04894, -0.06842, -0.08345, 0.04774, 0.32285, -0.20012, 0.09066, -0.20032, -0.24700, 0.47827, 0.31079, -0.27415, 0.59363, -0.14200, -0.04731, 0.43761, 0.34160, -0.07850, 0.57598, 0.22517, -0.16293, 0.55690, -0.07932, -0.14732, 0.49772
-0.44133, -0.20627, 0.07477, 0.50452, -0.32511, 0.05336, -0.07664, -0.07669, 0.05970, 0.21552, -0.19324, 0.07260, -0.25609, -0.24349, 0.47459, 0.26806, -0.27003, 0.59256, -0.18046, -0.04778, 0.44367, 0.29446, -0.07379, 0.57442, 0.17911, -0.16043, 0.55901, -0.12527, -0.15047, 0.49698
-0.46239, -0.20366, 0.05838, 0.43484, -0.31790, 0.05519, -0.09384, -0.07160, 0.07429, 0.11641, -0.18700, 0.04729, -0.30449, -0.24169, 0.47039, 0.22953, -0.26885, 0.58874, -0.22197, -0.04655, 0.45202, 0.25015, -0.07174, 0.57256, 0.13644, -0.16110, 0.56094, -0.16788, -0.15347, 0.49644
-0.47488, -0.20571, 0.04424, 0.36051, -0.30705, 0.05720, -0.12577, -0.07015, 0.09071, 0.03078, -0.17921, 0.01872, -0.34867, -0.24307, 0.46528, 0.19192, -0.26851, 0.58298, -0.26746, -0.04585, 0.46098, 0.20695, -0.07069, 0.56962, 0.09508, -0.16268, 0.56127, -0.20941, -0.15756, 0.49582
-0.48189, -0.20123, 0.03441, 0.28318, -0.29750, 0.05899, -0.20901, -0.06622, 0.10564, -0.03024, -0.16538, -0.00243, -0.38535, -0.24775, 0.46095, 0.15491, -0.26885, 0.57536, -0.31347, -0.04606, 0.46863, 0.16547, -0.07054, 0.56537, 0.05530, -0.16470, 0.55867, -0.24981, -0.16158, 0.49525
-0.48638, -0.20147, 0.02856, 0.20261, -0.28601, 0.05946, -0.27774, -0.05959, 0.10516, -0.07668, -0.15229, -0.00850, -0.42143, -0.25111, 0.45871, 0.11854, -0.27013, 0.56543, -0.35916, -0.04602, 0.47606, 0.12550, -0.07148, 0.55978, 0.01680, -0.16738, 0.55354, -0.28949, -0.16418, 0.49593
-0.49017, -0.20419, 0.02685, 0.12014, -0.27143, 0.05694, -0.35193, -0.05875, 0.10372, -0.09140, -0.15200, -0.01631, -0.45722, -0.25277, 0.45679, 0.08232, -0.27159, 0.55372, -0.40295, -0.04499, 0.47923, 0.08670, -0.07280, 0.55216, -0.02095, -0.16992, 0.54679, -0.32857, -0.16478, 0.49757
-0.49081, -0.20872, 0.02761, 0.03397, -0.25557, 0.05030, -0.43318, -0.06204, 0.11048, -0.09932, -0.15361, -0.01795, -0.48956, -0.25304, 0.45621, 0.04644, -0.27277, 0.54193, -0.44685, -0.04204, 0.48144, 0.05060, -0.07397, 0.54237, -0.05709, -0.17116, 0.53963, -0.36576, -0.16315, 0.49930
-0.49262, -0.21307, 0.03238, -0.05427, -0.23866, 0.04044, -0.52331, -0.06183, 0.12559, -0.10456, -0.15149, -0.01824, -0.51710, -0.25317, 0.45952, 0.01184, -0.27354, 0.53265, -0.49002, -0.03913, 0.48458, 0.01789, -0.07479, 0.53191, -0.09074, -0.17095, 0.53371, -0.40019, -0.16007, 0.50202
-0.49566, -0.21625, 0.03915, -0.14201, -0.22325, 0.02765, -0.61361, -0.05941, 0.14285, -0.10315, -0.15132, -0.02226, -0.54339, -0.25333, 0.46631, -0.02108, -0.27314, 0.52913, -0.53110, -0.03751, 0.48672, -0.01250, -0.07450, 0.52637, -0.12226, -0.16921, 0.53223, -0.43205, -0.15604, 0.50572
-0.50150, -0.22011, 0.04964, -0.22745, -0.21131, 0.01451, -0.68977, -0.05839, 0.15516, -0.09658, -0.15372, -0.02410, -0.56815, -0.25275, 0.47575, -0.05321, -0.27153, 0.53103, -0.57182, -0.03646, 0.48777, -0.04051, -0.07320, 0.52420, -0.15216, -0.16544, 0.53300, -0.46221, -0.15037, 0.51018
-0.51338, -0.22196, 0.06391, -0.30472, -0.20613, 0.00131, -0.73955, -0.06422, 0.14513, -0.09203, -0.15644, -0.02130, -0.59232, -0.25096, 0.48834, -0.08517, -0.26904, 0.53435, -0.61114, -0.03588, 0.48628, -0.06667, -0.07130, 0.52456, -0.18092, -0.16004, 0.53557, -0.49123, -0.14300, 0.51506
-0.54022, -0.22095, 0.08324, -0.37159, -0.21098, -0.00472, -0.78339, -0.06564, 0.11032, -0.09614, -0.15760, -0.01618, -0.61841, -0.24848, 0.50414, -0.11761, -0.26622, 0.53889, -0.64687, -0.03640, 0.47942, -0.09213, -0.06937, 0.52708, -0.20941, -0.15388, 0.53948, -0.51981, -0.13497, 0.51847
-0.60123, -0.21865, 0.11465, -0.42117, -0.20753, 0.00234, -0.83661, -0.07037, 0.08538, -0.10738, -0.15873, -0.01224, -0.64922, -0.24395, 0.51965, -0.15021, -0.26361, 0.54330, -0.67867, -0.03768, 0.46750, -0.11803, -0.06786, 0.52963, -0.23816, -0.14822, 0.54224, -0.54833, -0.12710, 0.51838
-0.67970, -0.21403, 0.14478, -0.46004, -0.23199, 0.01359, -0.85943, -0.07845, 0.05217, -0.13185, -0.15649, -0.00306, -0.67594, -0.23817, 0.52777, -0.18296, -0.26119, 0.54688, -0.71068, -0.03953, 0.45553, -0.14446, -0.06681, 0.53027, -0.26721, -0.14314, 0.54273, -0.57687, -0.11989, 0.51467
-0.73618, -0.21727, 0.16229, -0.49513, -0.23019, 0.02038, -0.87651, -0.08646, 0.03534, -0.16886, -0.14597, 0.00949, -0.70266, -0.23036, 0.53251, -0.21704, -0.25969, 0.54771, -0.74494, -0.04143, 0.44447, -0.17076, -0.06721, 0.52901, -0.29656, -0.13856, 0.54051, -0.60547, -0.11317, 0.50795
-0.77197, -0.22870, 0.14460, -0.50267, -0.23083, 0.01659, -0.88966, -0.08930, 0.02772, -0.21839, -0.12507, 0.02189, -0.72606, -0.22272, 0.53549, -0.25157, -0.25901, 0.54441, -0.77446, -0.04098, 0.43569, -0.19688, -0.06868, 0.52646, -0.32575, -0.13459, 0.53633, -0.63404, -0.10736, 0.50171
-0.83023, -0.23151, 0.13346, -0.49028, -0.23615, 0.00231, -0.89663, -0.08980, 0.02222, -0.27343, -0.09831, 0.03427, -0.74716, -0.22096, 0.52945, -0.28508, -0.25810, 0.53808, -0.80059, -0.03921, 0.42833, -0.22333, -0.06973, 0.52248, -0.35458, -0.13094, 0.53110, -0.66252, -0.10315, 0.49715
-0.88615, -0.22843, 0.11729, -0.47098, -0.18627, -0.02244, -0.89844, -0.08676, 0.02217, -0.32948, -0.07268, 0.04197, -0.77031, -0.22227, 0.51512, -0.31498, -0.25645, 0.52975, -0.82223, -0.03322, 0.42467, -0.25027, -0.06872, 0.51924, -0.38248, -0.12807, 0.52622, -0.69031, -0.10091, 0.49364
-0.93100, -0.22490, 0.08902, -0.46823, -0.18754, -0.02619, -0.89893, -0.08349, 0.02470, -0.38604, -0.05210, 0.04041, -0.79750, -0.22285, 0.49639, -0.33986, -0.25300, 0.52426, -0.83743, -0.02365, 0.42438, -0.27686, -0.06453, 0.51728, -0.40850, -0.12518, 0.52370, -0.71643, -0.10057, 0.49050
-0.94999, -0.22186, 0.05629, -0.46506, -0.18958, -0.02740, -0.90256, -0.07741, 0.02933, -0.44434, -0.03741, 0.03176, -0.82721, -0.22105, 0.48036, -0.36189, -0.24903, 0.52150, -0.84907, -0.01448, 0.42522, -0.30273, -0.05931, 0.51479, -0.43304, -0.12260, 0.52278, -0.74090, -0.10123, 0.48632
-0.96293, -0.22098, 0.04477, -0.46208, -0.18845, -0.02671, -0.91426, -0.06968, 0.03518, -0.50293, -0.03077, 0.01959, -0.85926, -0.21890, 0.47376, -0.38075, -0.24569, 0.51860, -0.85821, -0.00909, 0.42612, -0.32657, -0.05448, 0.51200, -0.45500, -0.12112, 0.52268, -0.76265, -0.10273, 0.48248
-0.96484, -0.21779, 0.03774, -0.46064, -0.18476, -0.02592, -0.93382, -0.06553, 0.03842, -0.55189, -0.03204, 0.00432, -0.88655, -0.21525, 0.47183, -0.39644, -0.24333, 0.51488, -0.86911, -0.00562, 0.42762, -0.34804, -0.05056, 0.50908, -0.47412, -0.12104, 0.52262, -0.78180, -0.10337, 0.48102
-0.96378, -0.21772, 0.03605, -0.46049, -0.18228, -0.02454, -0.95851, -0.06506, 0.04061, -0.58555, -0.03391, -0.00846, -0.90668, -0.20911, 0.47072, -0.40967, -0.24115, 0.51066, -0.88338, 0.00072, 0.42967, -0.36751, -0.04687, 0.50643, -0.49091, -0.12150, 0.52226, -0.79881, -0.10128, 0.48114
-0.97110, -0.21842, 0.04069, -0.46397, -0.18225, -0.02098, -0.98465, -0.06638, 0.04310, -0.61255, -0.02945, -0.02350, -0.92125, -0.20243, 0.47140, -0.42111, -0.23791, 0.50541, -0.90043, 0.00840, 0.43207, -0.38619, -0.04216, 0.50416, -0.50626, -0.12162, 0.52199, -0.81432, -0.09700, 0.48228
-0.98093, -0.22075, 0.04344, -0.47680, -0.18061, -0.01331, -1.01086, -0.06765, 0.04820, -0.63721, -0.01751, -0.02443, -0.93101, -0.19550, 0.47129, -0.43127, -0.23393, 0.49895, -0.91952, 0.01714, 0.43489, -0.40384, -0.03699, 0.50064, -0.52012, -0.12136, 0.52094, -0.82798, -0.09150, 0.48325
-0.99223, -0.22536, 0.04446, -0.49832, -0.16486, -0.00475, -1.03415, -0.06845, 0.05208, -0.64496, -0.01183, -0.02423, -0.93779, -0.18819, 0.47294, -0.44016, -0.22909, 0.49165, -0.93893, 0.02538, 0.43795, -0.41996, -0.03132, 0.49584, -0.53216, -0.12031, 0.51909, -0.83940, -0.08549, 0.48314
-1.00358, -0.23051, 0.04695, -0.52221, -0.15765, -0.00563, -1.05313, -0.06948, 0.05573, -0.65593, -0.00242, -0.02578, -0.94651, -0.18010, 0.47674, -0.44628, -0.22226, 0.48561, -0.95669, 0.03291, 0.44069, -0.43568, -0.02375, 0.48999, -0.54227, -0.11825, 0.51750, -0.84856, -0.07944, 0.48289
-1.01319, -0.23608, 0.04736, -0.55765, -0.16050, -0.00442, -1.07080, -0.06796, 0.06497, -0.66672, 0.00218, -0.02871, -0.95848, -0.17166, 0.47886, -0.45034, -0.21359, 0.47984, -0.96990, 0.04043, 0.44297, -0.45154, -0.01477, 0.48319, -0.55141, -0.11534, 0.51422, -0.85682, -0.07373, 0.48288
-1.01811, -0.24136, 0.04923, -0.60810, -0.16978, 0.01073, -1.08960, -0.05959, 0.08893, -0.67357, 0.00534, -0.02605, -0.97367, -0.16245, 0.48079, -0.45423, -0.20432, 0.47444, -0.97774, 0.04902, 0.44645, -0.46558, -0.00584, 0.47847, -0.55960, -0.11148, 0.51088, -0.86428, -0.06873, 0.48260
-1.02051, -0.24496, 0.05257, -0.66024, -0.17860, 0.03416, -1.10011, -0.03845, 0.11708, -0.68624, 0.01401, -0.02259, -0.98808, -0.15333, 0.48343, -0.45940, -0.19807, 0.47180, -0.97992, 0.05756, 0.45272, -0.47596, 0.00004, 0.47619, -0.56676, -0.10809, 0.50956, -0.87085, -0.06462, 0.48356
-1.02414, -0.24772, 0.05520, -0.70740, -0.18490, 0.05176, -1.10112, -0.00783, 0.13472, -0.71153, 0.02684, -0.02423, -1.00058, -0.14516, 0.48543, -0.46584, -0.19468, 0.47056, -0.97826, 0.06527, 0.46022, -0.48345, 0.00333, 0.47508, -0.57300, -0.10528, 0.51023, -0.87680, -0.06129, 0.48637
-1.02785, -0.24841, 0.05868, -0.74429, -0.19069, 0.04591, -1.09642, 0.02730, 0.12953, -0.73747, 0.04085, -0.02262, -1.01121, -0.13705, 0.48778, -0.47332, -0.19507, 0.47054, -0.97209, 0.07280, 0.46556, -0.48899, 0.00314, 0.47304, -0.57867, -0.10418, 0.51165, -0.88218, -0.05839, 0.49068
-1.03000, -0.24569, 0.06271, -0.78395, -0.19037, 0.03649, -1.08300, 0.05480, 0.10070, -0.75858, 0.05123, -0.02043, -1.01979, -0.12883, 0.49163, -0.48168, -0.19857, 0.47172, -0.96249, 0.07857, 0.46531, -0.49242, -0.00001, 0.47198, -0.58381, -0.10458, 0.51396, -0.88692, -0.05509, 0.49621
-1.03378, -0.24115, 0.06744, -0.82426, -0.18240, 0.03327, -1.07138, 0.06606, 0.06751, -0.77971, 0.06180, -0.02087, -1.02738, -0.11697, 0.49518, -0.48933, -0.20357, 0.47335, -0.94980, 0.08272, 0.46017, -0.49341, -0.00477, 0.47219, -0.58779, -0.10590, 0.51595, -0.88980, -0.04958, 0.50178
-1.03785, -0.23625, 0.07377, -0.85631, -0.16596, 0.03494, -1.06380, 0.04604, 0.04516, -0.79808, 0.06880, -0.01774, -1.03275, -0.10169, 0.49926, -0.49626, -0.21092, 0.47487, -0.93881, 0.08677, 0.45325, -0.49155, -0.01214, 0.47288, -0.59024, -0.10881, 0.51719, -0.88983, -0.04227, 0.50619
-1.04481, -0.23002, 0.08247, -0.87926, -0.14397, 0.03543, -1.07331, 0.04175, 0.05091, -0.80549, 0.07313, -0.01500, -1.03681, -0.08427, 0.50495, -0.50470, -0.22116, 0.47405, -0.93289, 0.09696, 0.45328, -0.48734, -0.02308, 0.47445, -0.59215, -0.11378, 0.51730, -0.88789, -0.03355, 0.51021
-1.05532, -0.22098, 0.09265, -0.89288, -0.12207, 0.02915, -1.07478, 0.04438, 0.05344, -0.80138, 0.07727, -0.00644, -1.03830, -0.06500, 0.51194, -0.51522, -0.23351, 0.46874, -0.92545, 0.10904, 0.45642, -0.48308, -0.03735, 0.47392, -0.59429, -0.12100, 0.51497, -0.88465, -0.02419, 0.51462
-1.07125, -0.20536, 0.10516, -0.90292, -0.10747, 0.01510, -1.07405, 0.05499, 0.05751, -0.78094, 0.08599, 0.01477, -1.03985, -0.04282, 0.52134, -0.52865, -0.24655, 0.45892, -0.91601, 0.12147, 0.46190, -0.47948, -0.05421, 0.47029, -0.59708, -0.12929, 0.51007, -0.88073, -0.01490, 0.51904
-1.09767, -0.17940, 0.11962, -0.91309, -0.09760, -0.00249, -1.07175, 0.06737, 0.06164, -0.74218, 0.09283, 0.04014, -1.04084, -0.01741, 0.53255, -0.54511, -0.25906, 0.44569, -0.90609, 0.13421, 0.46704, -0.47681, -0.07315, 0.46338, -0.60080, -0.13765, 0.50231, -0.87634, -0.00542, 0.52267
-1.12568, -0.12914, 0.13006, -0.92887, -0.08728, -0.01067, -1.07371, 0.08105, 0.06664, -0.69038, 0.09388, 0.05775, -1.02218, -0.00723, 0.54857, -0.56425, -0.26987, 0.42980, -0.89407, 0.14624, 0.46941, -0.47578, -0.09335, 0.45334, -0.60551, -0.14549, 0.49206, -0.87082, 0.00491, 0.52551
-1.14257, -0.05416, 0.14015, -0.93690, -0.08523, -0.01731, -1.07626, 0.09357, 0.07260, -0.63233, 0.08621, 0.06128, -1.01612, 0.01532, 0.56163, -0.58478, -0.27872, 0.41183, -0.88282, 0.15753, 0.47084, -0.47712, -0.11388, 0.43972, -0.61098, -0.15314, 0.47959, -0.86397, 0.01465, 0.52697
-1.14984, 0.02366, 0.15692, -0.94346, -0.08591, -0.01986, -1.08072, 0.10958, 0.07982, -0.58806, 0.07154, 0.04893, -1.00792, 0.03902, 0.57254, -0.60594, -0.28391, 0.39124, -0.87024, 0.16776, 0.47035, -0.48055, -0.13337, 0.42518, -0.61735, -0.15985, 0.46559, -0.85563, 0.02428, 0.52781
-1.13588, 0.10439, 0.17963, -0.94773, -0.08666, -0.02184, -1.08240, 0.12760, 0.08603, -0.56896, 0.06871, 0.01777, -0.99593, 0.05914, 0.58040, -0.62490, -0.28583, 0.37475, -0.85587, 0.17636, 0.46869, -0.48450, -0.15007, 0.41211, -0.62242, -0.16477, 0.45468, -0.84575, 0.03363, 0.52850
-1.10706, 0.17690, 0.20874, -0.94922, -0.08648, -0.02234, -1.08147, 0.14998, 0.09198, -0.57000, 0.07673, -0.02402, -0.98216, 0.07747, 0.58383, -0.63899, -0.28759, 0.36901, -0.83891, 0.18388, 0.46549, -0.48749, -0.16280, 0.40089, -0.62420, -0.16761, 0.44923, -0.83448, 0.04295, 0.52853
-1.07973, 0.23137, 0.23680, -0.95208, -0.08721, -0.02206, -1.07076, 0.17780, 0.10079, -0.57646, 0.12592, -0.01872, -0.96802, 0.09431, 0.58294, -0.64523, -0.28707, 0.36601, -0.81777, 0.19191, 0.46454, -0.48782, -0.16846, 0.39236, -0.62294, -0.16755, 0.44519, -0.82244, 0.05228, 0.52729
-1.06061, 0.26086, 0.24493, -0.95598, -0.08684, -0.02093, -1.04256, 0.21306, 0.11538, -0.57616, 0.12814, -0.01495, -0.95437, 0.11305, 0.58061, -0.64721, -0.28592, 0.36589, -0.79300, 0.20017, 0.46805, -0.48673, -0.16990, 0.38391, -0.61968, -0.16540, 0.44182, -0.80999, 0.06182, 0.52599
-1.05274, 0.26446, 0.21312, -0.95794, -0.08699, -0.02056, -0.99742, 0.25014, 0.13284, -0.57917, 0.12304, -0.01052, -0.94038, 0.13399, 0.57671, -0.64744, -0.28437, 0.36680, -0.76755, 0.20728, 0.47249, -0.48433, -0.17097, 0.37541, -0.61501, -0.16208, 0.43781, -0.79682, 0.07143, 0.52438
-1.02941, 0.28191, 0.18192, -0.95715, -0.08681, -0.02026, -0.93870, 0.29027, 0.15357, -0.58103, 0.12401, -0.01121, -0.92789, 0.15440, 0.56534, -0.64563, -0.28304, 0.36889, -0.74206, 0.21281, 0.47608, -0.48052, -0.17223, 0.36815, -0.60909, -0.15862, 0.43397, -0.78356, 0.08047, 0.52146
-1.00030, 0.29206, 0.14908, -0.95756, -0.08777, -0.02034, -0.87664, 0.31913, 0.17250, -0.58308, 0.12904, -0.01199, -0.91366, 0.17643, 0.55207, -0.64116, -0.28248, 0.37386, -0.71810, 0.21669, 0.47863, -0.47523, -0.17340, 0.36338, -0.60191, -0.15537, 0.43175, -0.77072, 0.08911, 0.51674
-0.98470, 0.26858, 0.11243, -0.95797, -0.08729, -0.01953, -0.79747, 0.34706, 0.18682, -0.58506, 0.13451, -0.00982, -0.89540, 0.20155, 0.53815, -0.63448, -0.28193, 0.38209, -0.69511, 0.22229, 0.47957, -0.46894, -0.17384, 0.36089, -0.59393, -0.15154, 0.43109, -0.75723, 0.09862, 0.51096
-0.98465, 0.23004, 0.08384, -0.95740, -0.08677, -0.01864, -0.73420, 0.33399, 0.16141, -0.59030, 0.14288, -0.00532, -0.87437, 0.22598, 0.51830, -0.62791, -0.28041, 0.39342, -0.67110, 0.23317, 0.48080, -0.46195, -0.17546, 0.36206, -0.58558, -0.14728, 0.43258, -0.74194, 0.10982, 0.50412
-0.97974, 0.23210, 0.07167, -0.95514, -0.08706, -0.01759, -0.67964, 0.31428, 0.11272, -0.59424, 0.15503, -0.00605, -0.84795, 0.25156, 0.49867, -0.62304, -0.27804, 0.40854, -0.64501, 0.23985, 0.47545, -0.45568, -0.17876, 0.36767, -0.57773, -0.14333, 0.43763, -0.72506, 0.12194, 0.49740
-0.97906, 0.22283, 0.06862, -0.94942, -0.08743, -0.01552, -0.65055, 0.30430, 0.07636, -0.59929, 0.16300, -0.00692, -0.81819, 0.27239, 0.48413, -0.62130, -0.27505, 0.42269, -0.61697, 0.23975, 0.46080, -0.45074, -0.18381, 0.37660, -0.57112, -0.14080, 0.44521, -0.70591, 0.13333, 0.49193
-0.97210, 0.22900, 0.07025, -0.93712, -0.08273, -0.00722, -0.65655, 0.27198, 0.03547, -0.59657, 0.14810, -0.00872, -0.78215, 0.29110, 0.47193, -0.62437, -0.27105, 0.43144, -0.58654, 0.23355, 0.44310, -0.44801, -0.19185, 0.38492, -0.56568, -0.13998, 0.45211, -0.68155, 0.14385, 0.48671
-0.96311, 0.23698, 0.07991, -0.91009, -0.06223, 0.01401, -0.65916, 0.27869, 0.03709, -0.57861, 0.11956, 0.00271, -0.74497, 0.30058, 0.46703, -0.63221, -0.26461, 0.43355, -0.54924, 0.23501, 0.43151, -0.44906, -0.20147, 0.38872, -0.56153, -0.14006, 0.45676, -0.65018, 0.15364, 0.48405
-0.94867, 0.25850, 0.09331, -0.86328, -0.03147, 0.04333, -0.65604, 0.27577, 0.04157, -0.53070, 0.08409, 0.03271, -0.70836, 0.30347, 0.46975, -0.64184, -0.25619, 0.42988, -0.51116, 0.23465, 0.42661, -0.45283, -0.21106, 0.38771, -0.55881, -0.14038, 0.45714, -0.61706, 0.16070, 0.48212
-0.93309, 0.29513, 0.10618, -0.81082, -0.00645, 0.04638, -0.64715, 0.27216, 0.03912, -0.46947, 0.03376, 0.05074, -0.66877, 0.30639, 0.46880, -0.65236, -0.24641, 0.42194, -0.47321, 0.23353, 0.42135, -0.45840, -0.22340, 0.38465, -0.55691, -0.14162, 0.45290, -0.58382, 0.16366, 0.47993
-0.89635, 0.33709, 0.11157, -0.76821, 0.02202, 0.01204, -0.63770, 0.26971, 0.03752, -0.43489, -0.01696, 0.03793, -0.63525, 0.29137, 0.47287, -0.66380, -0.23449, 0.41102, -0.43615, 0.23293, 0.41603, -0.46773, -0.23753, 0.37807, -0.55596, -0.14333, 0.44434, -0.55092, 0.16304, 0.47687
-0.83099, 0.37564, 0.11292, -0.74824, 0.05555, -0.02573, -0.62616, 0.26817, 0.03956, -0.41491, -0.04278, 0.00178, -0.59166, 0.29691, 0.48431, -0.67725, -0.21736, 0.40297, -0.39901, 0.23149, 0.41109, -0.48435, -0.25234, 0.36979, -0.55609, -0.14391, 0.43416, -0.51715, 0.16009, 0.47420
-0.74887, 0.42119, 0.12087, -0.76464, 0.04461, -0.02594, -0.60954, 0.27157, 0.04408, -0.40847, -0.04261, -0.01805, -0.54081, 0.30194, 0.49890, -0.68765, -0.19335, 0.39908, -0.36020, 0.22731, 0.40739, -0.50463, -0.26346, 0.36549, -0.55484, -0.14161, 0.42615, -0.48141, 0.15618, 0.47241
-0.65190, 0.46704, 0.13171, -0.77645, 0.04691, -0.02338, -0.58416, 0.28136, 0.05019, -0.40718, -0.03402, -0.01151, -0.49097, 0.30459, 0.50897, -0.69161, -0.16550, 0.39979, -0.32118, 0.22203, 0.40680, -0.52353, -0.26463, 0.36156, -0.55136, -0.13558, 0.42174, -0.44557, 0.15269, 0.47096
-0.54661, 0.49752, 0.14263, -0.77603, 0.04904, -0.02382, -0.54398, 0.31135, 0.05861, -0.41313, -0.03433, -0.01003, -0.44700, 0.30162, 0.51574, -0.68586, -0.13838, 0.39853, -0.28122, 0.21693, 0.40829, -0.53218, -0.25856, 0.36010, -0.54278, -0.12658, 0.41940, -0.40933, 0.15020, 0.46966
-0.44087, 0.51020, 0.15224, -0.77932, 0.04764, -0.02270, -0.48295, 0.35706, 0.07101, -0.42519, -0.03338, -0.00871, -0.40595, 0.29746, 0.51934, -0.67125, -0.11796, 0.40070, -0.24265, 0.21029, 0.40879, -0.52813, -0.24841, 0.35559, -0.52724, -0.11759, 0.41830, -0.37295, 0.14827, 0.46866
-0.34374, 0.50957, 0.15772, -0.78355, 0.04761, -0.02074, -0.40125, 0.38626, 0.09000, -0.42992, -0.03389, -0.00992, -0.36568, 0.29478, 0.51985, -0.65087, -0.10665, 0.40566, -0.20233, 0.20092, 0.41375, -0.51314, -0.23887, 0.35010, -0.50622, -0.10995, 0.41628, -0.33689, 0.14657, 0.46784
-0.25736, 0.50457, 0.15681, -0.79382, 0.04408, -0.01894, -0.30639, 0.40318, 0.11590, -0.43252, -0.03122, -0.00958, -0.32391, 0.29479, 0.51791, -0.62666, -0.09920, 0.41194, -0.15967, 0.19026, 0.42310, -0.49251, -0.22963, 0.34462, -0.48161, -0.10198, 0.41271, -0.30041, 0.14561, 0.46807
-0.16908, 0.49779, 0.15766, -0.82053, 0.03472, -0.01302, -0.19927, 0.40641, 0.14252, -0.44084, -0.03464, -0.01331, -0.27973, 0.29795, 0.51455, -0.59917, -0.09243, 0.41894, -0.11636, 0.17946, 0.43631, -0.46844, -0.22101, 0.34203, -0.45438, -0.09353, 0.40984, -0.26395, 0.14612, 0.46922
-0.08233, 0.48505, 0.15459, -0.84004, 0.02947, -0.00735, -0.08821, 0.39760, 0.16861, -0.44994, -0.03655, -0.01542, -0.23198, 0.30435, 0.51091, -0.56672, -0.08595, 0.42940, -0.07420, 0.16945, 0.45144, -0.44015, -0.21261, 0.34295, -0.42292, -0.08523, 0.41021, -0.22667, 0.14916, 0.47103
-0.00928, 0.46551, 0.13686, -0.84404, 0.02883, -0.00199, 0.02019, 0.38291, 0.19018, -0.45003, -0.03692, -0.01643, -0.18001, 0.31380, 0.50595, -0.53035, -0.07662, 0.44172, -0.03334, 0.16202, 0.46389, -0.40879, -0.20365, 0.34884, -0.38822, -0.07499, 0.41265, -0.18694, 0.15474, 0.47327
0.04158, 0.43482, 0.11013, -0.83710, 0.02584, 0.00493, 0.12317, 0.36230, 0.20117, -0.44792, -0.03640, -0.01738, -0.12418, 0.32231, 0.50185, -0.49187, -0.06321, 0.45401, 0.00918, 0.15683, 0.47322, -0.37679, -0.19310, 0.35694, -0.35174, -0.06317, 0.41645, -0.14410, 0.16070, 0.47580
0.06912, 0.39189, 0.08165, -0.81979, 0.02790, 0.01596, 0.21336, 0.33709, 0.20086, -0.45221, -0.03846, -0.01956, -0.06600, 0.33006, 0.49828, -0.45202, -0.04590, 0.46600, 0.05446, 0.15464, 0.47724, -0.34365, -0.18064, 0.36783, -0.31354, -0.04985, 0.42294, -0.09822, 0.16740, 0.47849
0.05238, 0.36102, 0.05339, -0.78002, 0.02887, 0.02359, 0.28719, 0.31300, 0.18651, -0.45625, -0.04094, -0.02158, -0.00722, 0.33621, 0.49533, -0.41101, -0.02561, 0.47672, 0.10446, 0.15570, 0.47686, -0.30875, -0.16735, 0.38189, -0.27354, -0.03561, 0.43142, -0.04932, 0.17407, 0.48073
0.06092, 0.36134, 0.05076, -0.72130, 0.03854, 0.03892, 0.35356, 0.29368, 0.15619, -0.46074, -0.04317, -0.02345, 0.05589, 0.34189, 0.49314, -0.36896, -0.00423, 0.48427, 0.15774, 0.15865, 0.47407, -0.27122, -0.15387, 0.39711, -0.23183, -0.02096, 0.43993, 0.00160, 0.18010, 0.48240
0.05720, 0.36329, 0.05557, -0.64570, 0.07024, 0.06337, 0.43097, 0.27917, 0.14591, -0.46889, -0.04658, -0.02249, 0.11267, 0.34569, 0.49583, -0.32672, 0.01713, 0.48892, 0.21291, 0.16527, 0.46990, -0.23201, -0.14046, 0.41321, -0.18939, -0.00634, 0.44846, 0.05304, 0.18519, 0.48429
0.06472, 0.36537, 0.06412, -0.53411, 0.11284, 0.07552, 0.51115, 0.26412, 0.14204, -0.47648, -0.05082, -0.01827, 0.16790, 0.34803, 0.49921, -0.28419, 0.03852, 0.49213, 0.26919, 0.17378, 0.46604, -0.19319, -0.12725, 0.43067, -0.14678, 0.00759, 0.45734, 0.10475, 0.18839, 0.48536
0.07834, 0.36151, 0.07556, -0.40544, 0.14897, 0.07504, 0.57919, 0.25044, 0.13193, -0.47845, -0.05315, -0.00990, 0.22193, 0.34794, 0.50035, -0.24067, 0.06005, 0.49543, 0.32404, 0.17815, 0.46210, -0.15529, -0.11321, 0.44822, -0.10388, 0.02120, 0.46664, 0.15699, 0.18961, 0.48617
0.09563, 0.35785, 0.08724, -0.27687, 0.18070, 0.06326, 0.63285, 0.23658, 0.11630, -0.47748, -0.05337, 0.00794, 0.27391, 0.34571, 0.49901, -0.19452, 0.08109, 0.50222, 0.37664, 0.17449, 0.45837, -0.11678, -0.09816, 0.46530, -0.05928, 0.03443, 0.47805, 0.21053, 0.18928, 0.48821
0.12432, 0.36021, 0.10003, -0.15085, 0.21243, 0.04145, 0.66872, 0.21882, 0.09389, -0.46145, -0.04991, 0.03463, 0.33028, 0.34190, 0.49835, -0.14470, 0.09949, 0.51301, 0.42979, 0.16724, 0.45653, -0.07484, -0.08396, 0.48133, -0.01154, 0.04621, 0.49111, 0.26570, 0.18788, 0.49161
0.17632, 0.37140, 0.10858, -0.03025, 0.23009, 0.01513, 0.68331, 0.19699, 0.06797, -0.42538, -0.03868, 0.05828, 0.39339, 0.33714, 0.49988, -0.09217, 0.11593, 0.52493, 0.48534, 0.16124, 0.45769, -0.03026, -0.07057, 0.49457, 0.03856, 0.05685, 0.50332, 0.32175, 0.18603, 0.49455
0.28276, 0.40873, 0.10563, 0.06649, 0.23294, -0.00708, 0.67746, 0.16742, 0.03700, -0.36012, -0.02126, 0.07254, 0.46133, 0.33505, 0.49454, -0.03821, 0.13169, 0.53540, 0.54196, 0.16033, 0.45466, 0.01577, -0.05743, 0.50606, 0.08988, 0.06705, 0.51389, 0.37756, 0.18510, 0.49578
0.39506, 0.42438, 0.11881, 0.13757, 0.23025, -0.01300, 0.68847, 0.16707, 0.02714, -0.25434, 0.00380, 0.07106, 0.52166, 0.33100, 0.49518, 0.01645, 0.14706, 0.54317, 0.59553, 0.15984, 0.43979, 0.06183, -0.04429, 0.51379, 0.14147, 0.07674, 0.52144, 0.43246, 0.18467, 0.49376
0.52318, 0.41683, 0.13592, 0.16222, 0.22825, -0.01458, 0.68859, 0.16963, 0.02114, -0.11432, 0.03299, 0.06239, 0.57788, 0.32566, 0.49711, 0.07106, 0.16232, 0.54776, 0.64267, 0.15256, 0.42759, 0.10638, -0.03086, 0.51655, 0.19225, 0.08574, 0.52548, 0.48611, 0.18363, 0.49045
0.64438, 0.40497, 0.15555, 0.15363, 0.23931, -0.02056, 0.68888, 0.16579, 0.01805, 0.03997, 0.06346, 0.05771, 0.62781, 0.32223, 0.49626, 0.12443, 0.17701, 0.54751, 0.68800, 0.14494, 0.42087, 0.14875, -0.01783, 0.51613, 0.24122, 0.09346, 0.52680, 0.53761, 0.18212, 0.48802
0.73698, 0.38962, 0.15528, 0.14086, 0.23921, -0.02161, 0.68957, 0.16431, 0.01987, 0.20456, 0.09234, 0.05727, 0.67166, 0.32084, 0.49225, 0.17637, 0.19067, 0.54218, 0.73419, 0.13977, 0.41625, 0.18943, -0.00569, 0.51375, 0.28830, 0.09968, 0.52669, 0.58710, 0.17974, 0.48770
0.81141, 0.37445, 0.11851, 0.13665, 0.24584, -0.01450, 0.68900, 0.16256, 0.02225, 0.36233, 0.11033, 0.06248, 0.71072, 0.32121, 0.48492, 0.22598, 0.20225, 0.53311, 0.77636, 0.13310, 0.41516, 0.22975, 0.00502, 0.50811, 0.33341, 0.10504, 0.52540, 0.63408, 0.17842, 0.49008
0.89722, 0.35793, 0.09802, 0.16799, 0.24949, 0.01735, 0.68898, 0.16195, 0.02862, 0.50636, 0.11275, 0.06539, 0.75287, 0.32185, 0.47376, 0.27296, 0.21085, 0.52132, 0.81382, 0.12311, 0.42254, 0.27101, 0.01322, 0.49949, 0.37690, 0.10964, 0.52275, 0.67843, 0.17953, 0.49327
