6.50547, -1.25353, 0.02351, 6.51711, -1.05175, -0.00402, 6.22863, -1.50923, 0.01065, 6.47026, -0.70830, -0.00662, 6.51425, -1.35979, 0.50754, 6.57114, -0.85176, 0.55712, 6.30812, -1.35891, 0.48444, 6.37616, -0.81286, 0.55408, 6.45296, -0.93591, 0.55723, 6.41170, -1.24293, 0.52157
6.50553, -1.25439, 0.02581, 6.51690, -1.07113, -0.00497, 6.22618, -1.51712, 0.00494, 6.47103, -0.70837, -0.00396, 6.50768, -1.37433, 0.50873, 6.56936, -0.86778, 0.55885, 6.30176, -1.37122, 0.48180, 6.37498, -0.82622, 0.55354, 6.45002, -0.95028, 0.55873, 6.40513, -1.25682, 0.52329
6.50558, -1.25567, 0.02800, 6.51624, -1.07903, -0.00839, 6.22259, -1.52254, 0.00246, 6.47181, -0.70906, -0.00143, 6.49957, -1.38912, 0.50900, 6.56736, -0.88398, 0.55977, 6.29366, -1.38265, 0.47971, 6.37362, -0.83980, 0.55236, 6.44689, -0.96482, 0.55953, 6.39799, -1.27075, 0.52409
6.50570, -1.25737, 0.02992, 6.51587, -1.08209, -0.01140, 6.21853, -1.52458, 0.00186, 6.47332, -0.71013, 0.00117, 6.48905, -1.40468, 0.50744, 6.56521, -0.90027, 0.55988, 6.28375, -1.39516, 0.47833, 6.37217, -0.85342, 0.55076, 6.44359, -0.97939, 0.55971, 6.39023, -1.28436, 0.52256
6.50585, -1.25944, 0.03200, 6.51473, -1.08217, -0.01377, 6.21550, -1.52407, 0.00208, 6.47536, -0.71121, 0.00403, 6.47724, -1.42048, 0.50503, 6.56291, -0.91663, 0.55972, 6.27285, -1.40835, 0.47561, 6.37063, -0.86710, 0.54913, 6.44019, -0.99401, 0.55936, 6.38217, -1.29786, 0.52010
6.50588, -1.26175, 0.03445, 6.51375, -1.08223, -0.01553, 6.21535, -1.52098, 0.00220, 6.47758, -0.71241, 0.00711, 6.46587, -1.43609, 0.50287, 6.56046, -0.93287, 0.55989, 6.26201, -1.41985, 0.47153, 6.36900, -0.88053, 0.54790, 6.43662, -1.00845, 0.55859, 6.37466, -1.31130, 0.51777
6.50530, -1.26456, 0.03749, 6.51384, -1.08251, -0.01705, 6.21694, -1.51747, 0.00221, 6.47984, -0.71460, 0.01013, 6.45623, -1.45135, 0.50208, 6.55801, -0.94860, 0.56026, 6.25237, -1.42877, 0.46822, 6.36740, -0.89355, 0.54697, 6.43315, -1.02245, 0.55751, 6.36821, -1.32462, 0.51632
6.50425, -1.26874, 0.04089, 6.51434, -1.08254, -0.01812, 6.21764, -1.51610, 0.00217, 6.47988, -0.71642, 0.01312, 6.44760, -1.46643, 0.50218, 6.55531, -0.96309, 0.56094, 6.24434, -1.43672, 0.46725, 6.36531, -0.90616, 0.54686, 6.42981, -1.03575, 0.55667, 6.36253, -1.33739, 0.51536
6.50307, -1.27426, 0.04455, 6.51490, -1.08231, -0.01871, 6.21691, -1.51701, 0.00181, 6.47793, -0.71848, 0.01625, 6.43945, -1.48107, 0.50305, 6.55217, -0.97581, 0.56175, 6.23753, -1.44460, 0.46754, 6.36237, -0.91835, 0.54709, 6.42655, -1.04816, 0.55596, 6.35743, -1.34940, 0.51472
6.50180, -1.28075, 0.04837, 6.51537, -1.08192, -0.01902, 6.21332, -1.52133, 0.00129, 6.47659, -0.72146, 0.02010, 6.43159, -1.49490, 0.50467, 6.54866, -0.98700, 0.56253, 6.23163, -1.45121, 0.47008, 6.35880, -0.93000, 0.54698, 6.42331, -1.05968, 0.55523, 6.35270, -1.36060, 0.51433
6.50001, -1.28904, 0.05179, 6.51555, -1.08153, -0.01918, 6.21028, -1.52447, 0.00156, 6.47439, -0.72773, 0.02391, 6.42381, -1.50793, 0.50658, 6.54491, -0.99670, 0.56313, 6.22635, -1.45626, 0.47213, 6.35473, -0.94100, 0.54666, 6.42015, -1.07026, 0.55457, 6.34832, -1.37089, 0.51409
6.49755, -1.29982, 0.05443, 6.51551, -1.08109, -0.01935, 6.20949, -1.52495, 0.00155, 6.46999, -0.73893, 0.02696, 6.41592, -1.52005, 0.50880, 6.54110, -1.00497, 0.56321, 6.22139, -1.46119, 0.47279, 6.35038, -0.95138, 0.54601, 6.41722, -1.07991, 0.55387, 6.34425, -1.38023, 0.51388
6.49415, -1.31401, 0.05619, 6.51534, -1.08060, -0.01950, 6.21081, -1.52332, 0.00103, 6.46202, -0.75717, 0.02767, 6.40742, -1.53119, 0.51165, 6.53727, -1.01199, 0.56293, 6.21598, -1.46701, 0.47153, 6.34585, -0.96120, 0.54503, 6.41454, -1.08874, 0.55312, 6.34029, -1.38865, 0.51369
6.48713, -1.33120, 0.06006, 6.51506, -1.08009, -0.01954, 6.21382, -1.51993, 0.00076, 6.45139, -0.78409, 0.02723, 6.39883, -1.54036, 0.51569, 6.53353, -1.01778, 0.56228, 6.21035, -1.47246, 0.46868, 6.34129, -0.97036, 0.54401, 6.41218, -1.09667, 0.55235, 6.33650, -1.39608, 0.51369
6.47366, -1.35915, 0.07075, 6.51485, -1.07954, -0.01972, 6.21589, -1.51749, 0.00101, 6.43967, -0.81805, 0.02730, 6.39220, -1.54693, 0.51615, 6.52999, -1.02242, 0.56130, 6.20436, -1.47617, 0.46720, 6.33691, -0.97856, 0.54302, 6.41009, -1.10354, 0.55164, 6.33252, -1.40224, 0.51370
6.46306, -1.38614, 0.07365, 6.51475, -1.07890, -0.02002, 6.21665, -1.51659, 0.00116, 6.42656, -0.85544, 0.02880, 6.38521, -1.55344, 0.51661, 6.52655, -1.02643, 0.56001, 6.19876, -1.47885, 0.46717, 6.33267, -0.98613, 0.54191, 6.40810, -1.10973, 0.55093, 6.32865, -1.40771, 0.51391
6.45108, -1.41483, 0.07412, 6.51474, -1.07813, -0.02038, 6.21699, -1.51625, 0.00121, 6.41017, -0.89657, 0.03156, 6.37813, -1.55952, 0.51724, 6.52307, -1.03022, 0.55863, 6.19331, -1.48090, 0.46740, 6.32853, -0.99322, 0.54070, 6.40601, -1.11551, 0.55019, 6.32475, -1.41278, 0.51422
6.43762, -1.44578, 0.07340, 6.51486, -1.07730, -0.02074, 6.21735, -1.51592, 0.00128, 6.38906, -0.94120, 0.03092, 6.37081, -1.56528, 0.51802, 6.51974, -1.03389, 0.55722, 6.18798, -1.48227, 0.46724, 6.32462, -0.99983, 0.53961, 6.40392, -1.12093, 0.54950, 6.32087, -1.41746, 0.51453
6.42278, -1.47864, 0.07211, 6.51503, -1.07648, -0.02099, 6.21763, -1.51573, 0.00132, 6.36759, -0.98865, 0.02694, 6.36284, -1.57119, 0.51857, 6.51666, -1.03767, 0.55568, 6.18274, -1.48297, 0.46695, 6.32110, -1.00593, 0.53878, 6.40182, -1.12606, 0.54889, 6.31696, -1.42182, 0.51477
6.40618, -1.51181, 0.07073, 6.51523, -1.07569, -0.02114, 6.21787, -1.51559, 0.00135, 6.34488, -1.03915, 0.02211, 6.35394, -1.57757, 0.51858, 6.51391, -1.04166, 0.55418, 6.17758, -1.48330, 0.46659, 6.31803, -1.01148, 0.53810, 6.39970, -1.13095, 0.54840, 6.31301, -1.42590, 0.51488
6.38681, -1.54359, 0.06974, 6.51555, -1.07500, -0.02121, 6.21816, -1.51539, 0.00142, 6.32186, -1.08949, 0.01796, 6.34475, -1.58344, 0.51799, 6.51138, -1.04573, 0.55261, 6.17234, -1.48331, 0.46623, 6.31528, -1.01643, 0.53762, 6.39750, -1.13551, 0.54810, 6.30891, -1.42960, 0.51486
6.36418, -1.57257, 0.06952, 6.51596, -1.07435, -0.02121, 6.21841, -1.51521, 0.00148, 6.30106, -1.13495, 0.01298, 6.33708, -1.58778, 0.51739, 6.50905, -1.04998, 0.55070, 6.16731, -1.48309, 0.46583, 6.31279, -1.02078, 0.53763, 6.39513, -1.13978, 0.54800, 6.30480, -1.43305, 0.51484
6.33872, -1.59858, 0.06942, 6.51639, -1.07364, -0.02114, 6.21869, -1.51501, 0.00156, 6.28378, -1.17396, 0.00458, 6.33022, -1.59156, 0.51672, 6.50677, -1.05443, 0.54834, 6.16252, -1.48271, 0.46539, 6.31045, -1.02461, 0.53798, 6.39252, -1.14384, 0.54793, 6.30070, -1.43638, 0.51489
6.31165, -1.62137, 0.06870, 6.51667, -1.07278, -0.02105, 6.21899, -1.51480, 0.00165, 6.26926, -1.20671, -0.00439, 6.32344, -1.59541, 0.51573, 6.50433, -1.05883, 0.54568, 6.15789, -1.48238, 0.46491, 6.30797, -1.02849, 0.53791, 6.38981, -1.14788, 0.54777, 6.29665, -1.43977, 0.51493
6.28341, -1.64078, 0.06723, 6.51674, -1.07176, -0.02085, 6.21930, -1.51458, 0.00175, 6.25687, -1.22899, -0.01237, 6.31656, -1.59936, 0.51454, 6.50157, -1.06308, 0.54286, 6.15322, -1.48212, 0.46439, 6.30515, -1.03269, 0.53686, 6.38702, -1.15200, 0.54739, 6.29255, -1.44325, 0.51502
6.25331, -1.65719, 0.06452, 6.51664, -1.07067, -0.02057, 6.21965, -1.51432, 0.00187, 6.24819, -1.24173, -0.01548, 6.30954, -1.60333, 0.51331, 6.49849, -1.06715, 0.53987, 6.14859, -1.48179, 0.46390, 6.30197, -1.03723, 0.53478, 6.38416, -1.15619, 0.54676, 6.28838, -1.44682, 0.51519
6.22181, -1.67120, 0.05970, 6.51653, -1.06956, -0.02016, 6.22008, -1.51398, 0.00203, 6.24482, -1.24537, -0.01857, 6.30236, -1.60706, 0.51219, 6.49521, -1.07104, 0.53668, 6.14380, -1.48148, 0.46345, 6.29857, -1.04190, 0.53224, 6.38124, -1.16033, 0.54594, 6.28405, -1.45029, 0.51548
6.18820, -1.68303, 0.04973, 6.51675, -1.06858, -0.01969, 6.22055, -1.51363, 0.00221, 6.24346, -1.24609, -0.02127, 6.29519, -1.61036, 0.51155, 6.49190, -1.07484, 0.53349, 6.13886, -1.48129, 0.46288, 6.29510, -1.04668, 0.52946, 6.37838, -1.16447, 0.54491, 6.27953, -1.45368, 0.51569
6.15563, -1.69084, 0.04570, 6.51697, -1.06766, -0.01912, 6.22107, -1.51327, 0.00242, 6.24276, -1.24668, -0.02252, 6.29015, -1.61369, 0.50817, 6.48855, -1.07864, 0.53032, 6.13403, -1.48139, 0.46215, 6.29159, -1.05159, 0.52707, 6.37560, -1.16867, 0.54385, 6.27504, -1.45714, 0.51580
6.13032, -1.69380, 0.04663, 6.51690, -1.06670, -0.01846, 6.22160, -1.51291, 0.00263, 6.24249, -1.24731, -0.02293, 6.28387, -1.61772, 0.50457, 6.48522, -1.08238, 0.52700, 6.12927, -1.48173, 0.46125, 6.28806, -1.05664, 0.52528, 6.37299, -1.17295, 0.54282, 6.27054, -1.46061, 0.51587
6.10891, -1.69295, 0.04639, 6.51697, -1.06565, -0.01779, 6.22213, -1.51260, 0.00286, 6.24315, -1.24828, -0.02292, 6.27697, -1.62164, 0.50149, 6.48281, -1.08675, 0.52380, 6.12441, -1.48214, 0.46031, 6.28561, -1.06128, 0.52393, 6.37088, -1.17728, 0.54184, 6.26594, -1.46394, 0.51594
6.09095, -1.68930, 0.04483, 6.51679, -1.06523, -0.01691, 6.22266, -1.51233, 0.00306, 6.24273, -1.24855, -0.02292, 6.26943, -1.62530, 0.49868, 6.48138, -1.09182, 0.52117, 6.11929, -1.48237, 0.45931, 6.28430, -1.06554, 0.52324, 6.36929, -1.18177, 0.54101, 6.26109, -1.46713, 0.51596
6.07629, -1.68388, 0.04210, 6.51648, -1.06488, -0.01615, 6.22316, -1.51217, 0.00324, 6.24218, -1.24806, -0.02268, 6.26132, -1.62870, 0.49613, 6.48076, -1.09748, 0.51904, 6.11395, -1.48241, 0.45830, 6.28392, -1.06960, 0.52304, 6.36816, -1.18644, 0.54040, 6.25600, -1.47017, 0.51591
6.06490, -1.67733, 0.03860, 6.51623, -1.06449, -0.01571, 6.22358, -1.51211, 0.00336, 6.24258, -1.24726, -0.02272, 6.25269, -1.63185, 0.49376, 6.48080, -1.10377, 0.51742, 6.10841, -1.48215, 0.45725, 6.28436, -1.07345, 0.52326, 6.36732, -1.19130, 0.54000, 6.25056, -1.47306, 0.51575
6.05739, -1.66835, 0.03446, 6.51596, -1.06407, -0.01534, 6.22395, -1.51210, 0.00349, 6.24387, -1.24637, -0.02292, 6.24322, -1.63479, 0.49186, 6.48184, -1.11123, 0.51642, 6.10255, -1.48156, 0.45609, 6.28610, -1.07697, 0.52381, 6.36680, -1.19648, 0.53981, 6.24464, -1.47585, 0.51550
6.05284, -1.65754, 0.03012, 6.51578, -1.06365, -0.01509, 6.22422, -1.51193, 0.00359, 6.24521, -1.24569, -0.02285, 6.23321, -1.63761, 0.49025, 6.48271, -1.11915, 0.51582, 6.09642, -1.48074, 0.45480, 6.28779, -1.08093, 0.52484, 6.36614, -1.20210, 0.53991, 6.23826, -1.47870, 0.51511
6.04993, -1.64901, 0.02588, 6.51583, -1.06332, -0.01472, 6.22440, -1.51166, 0.00372, 6.24644, -1.24527, -0.02263, 6.22301, -1.64023, 0.48882, 6.48299, -1.12710, 0.51542, 6.08999, -1.47987, 0.45340, 6.28891, -1.08528, 0.52642, 6.36512, -1.20795, 0.54029, 6.23151, -1.48154, 0.51459
6.04800, -1.64424, 0.02185, 6.51617, -1.06309, -0.01415, 6.22453, -1.51141, 0.00389, 6.24763, -1.24494, -0.02242, 6.21262, -1.64263, 0.48765, 6.48264, -1.13504, 0.51564, 6.08313, -1.47912, 0.45187, 6.28942, -1.08982, 0.52815, 6.36350, -1.21391, 0.54084, 6.22429, -1.48439, 0.51387
6.04673, -1.64121, 0.01863, 6.51655, -1.06305, -0.01341, 6.22468, -1.51109, 0.00404, 6.24856, -1.24476, -0.02228, 6.20190, -1.64496, 0.48691, 6.48176, -1.14302, 0.51630, 6.07594, -1.47851, 0.45036, 6.28940, -1.09454, 0.53005, 6.36138, -1.21998, 0.54155, 6.21666, -1.48727, 0.51306
6.04586, -1.63960, 0.01664, 6.51681, -1.06319, -0.01254, 6.22482, -1.51072, 0.00428, 6.24922, -1.24460, -0.02213, 6.19095, -1.64723, 0.48692, 6.48029, -1.15107, 0.51729, 6.06850, -1.47807, 0.44885, 6.28885, -1.09938, 0.53216, 6.35869, -1.22614, 0.54235, 6.20863, -1.49020, 0.51218
6.04511, -1.63904, 0.01553, 6.51705, -1.06347, -0.01155, 6.22482, -1.51060, 0.00469, 6.24985, -1.24448, -0.02200, 6.17968, -1.64942, 0.48762, 6.47833, -1.15910, 0.51861, 6.06089, -1.47779, 0.44743, 6.28786, -1.10422, 0.53440, 6.35550, -1.23227, 0.54328, 6.20033, -1.49310, 0.51131
6.04439, -1.63925, 0.01495, 6.51730, -1.06377, -0.01040, 6.22464, -1.51063, 0.00534, 6.25043, -1.24438, -0.02188, 6.16807, -1.65161, 0.48877, 6.47593, -1.16717, 0.52035, 6.05310, -1.47772, 0.44611, 6.28647, -1.10905, 0.53668, 6.35181, -1.23837, 0.54429, 6.19174, -1.49600, 0.51048
6.04339, -1.63938, 0.01476, 6.51754, -1.06412, -0.00909, 6.22450, -1.51072, 0.00619, 6.25098, -1.24428, -0.02178, 6.15621, -1.65364, 0.49038, 6.47314, -1.17519, 0.52267, 6.04507, -1.47776, 0.44495, 6.28470, -1.11383, 0.53899, 6.34766, -1.24438, 0.54542, 6.18287, -1.49884, 0.50976
6.04275, -1.63956, 0.01477, 6.51778, -1.06451, -0.00761, 6.22454, -1.51098, 0.00727, 6.25151, -1.24418, -0.02171, 6.14411, -1.65562, 0.49237, 6.47002, -1.18317, 0.52505, 6.03693, -1.47798, 0.44399, 6.28266, -1.11855, 0.54118, 6.34321, -1.25029, 0.54654, 6.17382, -1.50159, 0.50926
6.04227, -1.64012, 0.01463, 6.51803, -1.06498, -0.00601, 6.22452, -1.51154, 0.00891, 6.25204, -1.24409, -0.02162, 6.13176, -1.65762, 0.49395, 6.46659, -1.19108, 0.52759, 6.02851, -1.47833, 0.44319, 6.28035, -1.12323, 0.54333, 6.33846, -1.25609, 0.54772, 6.16462, -1.50423, 0.50898
6.04183, -1.64082, 0.01424, 6.51821, -1.06561, -0.00431, 6.22479, -1.51280, 0.01156, 6.25255, -1.24401, -0.02154, 6.11935, -1.65920, 0.49482, 6.46285, -1.19890, 0.53023, 6.01926, -1.47870, 0.44251, 6.27775, -1.12785, 0.54540, 6.33344, -1.26177, 0.54895, 6.15526, -1.50660, 0.50837
6.04150, -1.64144, 0.01382, 6.51858, -1.06652, -0.00245, 6.22289, -1.51592, 0.01544, 6.25305, -1.24394, -0.02149, 6.10687, -1.66062, 0.49530, 6.45876, -1.20653, 0.53278, 6.00930, -1.47955, 0.44192, 6.27480, -1.13245, 0.54734, 6.32818, -1.26732, 0.55020, 6.14589, -1.50886, 0.50746
6.04128, -1.64194, 0.01349, 6.51872, -1.06762, -0.00050, 6.21870, -1.52020, 0.02121, 6.25353, -1.24387, -0.02148, 6.09457, -1.66207, 0.49544, 6.45430, -1.21402, 0.53528, 5.99930, -1.48067, 0.44126, 6.27150, -1.13702, 0.54914, 6.32264, -1.27277, 0.55142, 6.13653, -1.51107, 0.50631
6.04110, -1.64231, 0.01330, 6.51863, -1.06912, 0.00144, 6.21189, -1.52333, 0.02952, 6.25398, -1.24381, -0.02147, 6.08245, -1.66353, 0.49533, 6.44961, -1.22135, 0.53766, 5.98996, -1.48149, 0.44013, 6.26797, -1.14151, 0.55076, 6.31691, -1.27807, 0.55261, 6.12723, -1.51321, 0.50510
6.04088, -1.64250, 0.01324, 6.51881, -1.07037, 0.00370, 6.19850, -1.53142, 0.03754, 6.25440, -1.24375, -0.02147, 6.07056, -1.66502, 0.49509, 6.44475, -1.22859, 0.53996, 5.98138, -1.48198, 0.43842, 6.26433, -1.14590, 0.55232, 6.31106, -1.28324, 0.55375, 6.11794, -1.51525, 0.50393
6.04069, -1.64259, 0.01325, 6.51912, -1.07148, 0.00609, 6.17834, -1.54307, 0.04337, 6.25485, -1.24369, -0.02143, 6.05901, -1.66653, 0.49470, 6.43991, -1.23591, 0.54222, 5.97256, -1.48286, 0.43683, 6.26083, -1.15024, 0.55377, 6.30523, -1.28835, 0.55490, 6.10873, -1.51722, 0.50279
6.04051, -1.64265, 0.01334, 6.52000, -1.07279, 0.00851, 6.15305, -1.54887, 0.05519, 6.25531, -1.24361, -0.02136, 6.04758, -1.66803, 0.49417, 6.43511, -1.24351, 0.54441, 5.96286, -1.48438, 0.43591, 6.25759, -1.15459, 0.55511, 6.29941, -1.29351, 0.55604, 6.09951, -1.51914, 0.50166
6.04038, -1.64273, 0.01350, 6.52154, -1.07412, 0.01126, 6.11803, -1.54834, 0.07357, 6.25577, -1.24354, -0.02125, 6.03616, -1.66934, 0.49349, 6.43041, -1.25143, 0.54624, 5.95278, -1.48597, 0.43513, 6.25469, -1.15891, 0.55651, 6.29365, -1.29867, 0.55693, 6.09022, -1.52094, 0.50048
6.04028, -1.64285, 0.01372, 6.52318, -1.07643, 0.01422, 6.07927, -1.55174, 0.08428, 6.25622, -1.24345, -0.02111, 6.02476, -1.67027, 0.49262, 6.42573, -1.25958, 0.54781, 5.94273, -1.48696, 0.43450, 6.25207, -1.16324, 0.55789, 6.28791, -1.30383, 0.55766, 6.08080, -1.52252, 0.49930
6.04017, -1.64302, 0.01398, 6.52449, -1.08096, 0.01684, 6.03902, -1.56141, 0.08311, 6.25670, -1.24337, -0.02096, 6.01347, -1.67082, 0.49167, 6.42105, -1.26794, 0.54906, 5.93278, -1.48713, 0.43418, 6.24969, -1.16759, 0.55924, 6.28219, -1.30898, 0.55815, 6.07122, -1.52387, 0.49830
6.04007, -1.64324, 0.01429, 6.52439, -1.08655, 0.01929, 5.99291, -1.57821, 0.06485, 6.25724, -1.24330, -0.02078, 6.00236, -1.67109, 0.49077, 6.41635, -1.27642, 0.54997, 5.92336, -1.48634, 0.43480, 6.24747, -1.17198, 0.56053, 6.27650, -1.31411, 0.55848, 6.06150, -1.52502, 0.49756
6.03995, -1.64350, 0.01463, 6.52072, -1.09429, 0.02098, 5.93576, -1.58608, 0.05411, 6.25784, -1.24321, -0.02058, 5.99136, -1.67117, 0.49010, 6.41158, -1.28499, 0.55049, 5.91366, -1.48545, 0.43663, 6.24538, -1.17641, 0.56172, 6.27083, -1.31921, 0.55867, 6.05164, -1.52597, 0.49724
6.03984, -1.64379, 0.01508, 6.51452, -1.10373, 0.02242, 5.88771, -1.59014, 0.05783, 6.25849, -1.24315, -0.02037, 5.98041, -1.67116, 0.48971, 6.40677, -1.29361, 0.55058, 5.90341, -1.48469, 0.43920, 6.24343, -1.18087, 0.56274, 6.26520, -1.32425, 0.55875, 6.04159, -1.52670, 0.49767
6.03973, -1.64408, 0.01566, 6.50691, -1.11515, 0.02443, 5.85278, -1.58424, 0.06000, 6.25919, -1.24310, -0.02014, 5.96940, -1.67122, 0.48951, 6.40187, -1.30240, 0.55036, 5.89198, -1.48479, 0.44159, 6.24165, -1.18540, 0.56367, 6.25954, -1.32929, 0.55870, 6.03131, -1.52720, 0.49862
6.03959, -1.64437, 0.01632, 6.49783, -1.12920, 0.02688, 5.80618, -1.58116, 0.05810, 6.25993, -1.24304, -0.01990, 5.95823, -1.67124, 0.48929, 6.39673, -1.31145, 0.54983, 5.88025, -1.48505, 0.44330, 6.23993, -1.19005, 0.56462, 6.25372, -1.33435, 0.55841, 6.02078, -1.52750, 0.49953
6.03932, -1.64472, 0.01706, 6.48737, -1.14660, 0.02932, 5.75926, -1.57165, 0.05572, 6.26068, -1.24301, -0.01965, 5.94699, -1.67091, 0.48891, 6.39130, -1.32056, 0.54911, 5.86887, -1.48465, 0.44445, 6.23818, -1.19478, 0.56554, 6.24772, -1.33935, 0.55803, 6.01010, -1.52747, 0.50027
6.03894, -1.64511, 0.01782, 6.47406, -1.16691, 0.03127, 5.72170, -1.55721, 0.05154, 6.26144, -1.24293, -0.01941, 5.93564, -1.67001, 0.48820, 6.38548, -1.32953, 0.54848, 5.85748, -1.48373, 0.44474, 6.23612, -1.19949, 0.56630, 6.24144, -1.34422, 0.55778, 5.99934, -1.52704, 0.50055
6.03857, -1.64557, 0.01860, 6.45707, -1.19052, 0.03133, 5.69379, -1.54072, 0.04266, 6.26219, -1.24282, -0.01919, 5.92402, -1.66840, 0.48698, 6.37917, -1.33828, 0.54797, 5.84561, -1.48242, 0.44456, 6.23359, -1.20416, 0.56691, 6.23481, -1.34895, 0.55768, 5.98845, -1.52622, 0.50027
6.03831, -1.64606, 0.01943, 6.43643, -1.21808, 0.02973, 5.67421, -1.52308, 0.03034, 6.26290, -1.24268, -0.01896, 5.91203, -1.66628, 0.48533, 6.37217, -1.34694, 0.54759, 5.83300, -1.48100, 0.44469, 6.23049, -1.20882, 0.56733, 6.22758, -1.35355, 0.55753, 5.97713, -1.52507, 0.49945
6.03810, -1.64655, 0.02033, 6.41127, -1.25144, 0.02608, 5.66412, -1.51017, 0.01603, 6.26361, -1.24250, -0.01873, 5.89963, -1.66381, 0.48321, 6.36447, -1.35555, 0.54762, 5.81993, -1.47933, 0.44505, 6.22675, -1.21350, 0.56752, 6.21973, -1.35805, 0.55737, 5.96532, -1.52366, 0.49823
6.03783, -1.64701, 0.02132, 6.38192, -1.28485, 0.02186, 5.65737, -1.50236, 0.00569, 6.26428, -1.24233, -0.01849, 5.88677, -1.66118, 0.48067, 6.35609, -1.36410, 0.54801, 5.80650, -1.47769, 0.44570, 6.22245, -1.21814, 0.56745, 6.21130, -1.36243, 0.55717, 5.95316, -1.52215, 0.49682
6.03746, -1.64744, 0.02242, 6.34900, -1.31769, 0.01682, 5.64897, -1.49568, 0.00375, 6.26489, -1.24215, -0.01824, 5.87355, -1.65864, 0.47793, 6.34704, -1.37260, 0.54875, 5.79279, -1.47624, 0.44611, 6.21758, -1.22280, 0.56708, 6.20231, -1.36672, 0.55694, 5.94069, -1.52065, 0.49542
6.03689, -1.64778, 0.02368, 6.31546, -1.35110, 0.01067, 5.64166, -1.49206, 0.00536, 6.26546, -1.24193, -0.01799, 5.86004, -1.65635, 0.47525, 6.33741, -1.38101, 0.54980, 5.77887, -1.47504, 0.44613, 6.21219, -1.22744, 0.56639, 6.19284, -1.37090, 0.55669, 5.92797, -1.51924, 0.49419
6.03604, -1.64810, 0.02516, 6.28152, -1.38576, 0.00482, 5.63662, -1.48988, 0.00772, 6.26598, -1.24165, -0.01776, 5.84636, -1.65432, 0.47290, 6.32721, -1.38934, 0.55115, 5.76496, -1.47366, 0.44589, 6.20633, -1.23208, 0.56517, 6.18293, -1.37499, 0.55628, 5.91496, -1.51791, 0.49332
6.03483, -1.64832, 0.02689, 6.24434, -1.41910, 0.00017, 5.63568, -1.48976, 0.00734, 6.26649, -1.24139, -0.01748, 5.83270, -1.65281, 0.47119, 6.31648, -1.39760, 0.55253, 5.75132, -1.47214, 0.44536, 6.20008, -1.23677, 0.56363, 6.17263, -1.37902, 0.55584, 5.90176, -1.51682, 0.49290
6.03313, -1.64852, 0.02886, 6.20555, -1.45173, -0.00234, 5.63773, -1.49052, 0.00558, 6.26723, -1.24118, -0.01712, 5.81893, -1.65179, 0.47016, 6.30523, -1.40567, 0.55369, 5.73806, -1.47050, 0.44459, 6.19339, -1.24147, 0.56192, 6.16195, -1.38296, 0.55545, 5.88847, -1.51601, 0.49269
6.03089, -1.64883, 0.03120, 6.16757, -1.48227, -0.00270, 5.64016, -1.49109, 0.00392, 6.26820, -1.24098, -0.01665, 5.80469, -1.65105, 0.46967, 6.29364, -1.41379, 0.55444, 5.72513, -1.46870, 0.44375, 6.18644, -1.24641, 0.56012, 6.15105, -1.38702, 0.55495, 5.87514, -1.51550, 0.49257
6.02837, -1.64948, 0.03407, 6.13291, -1.50789, -0.00320, 5.64136, -1.49178, 0.00263, 6.26937, -1.24081, -0.01605, 5.79010, -1.65038, 0.46973, 6.28206, -1.42194, 0.55478, 5.71247, -1.46696, 0.44318, 6.17946, -1.25164, 0.55820, 6.14025, -1.39127, 0.55438, 5.86198, -1.51521, 0.49265
6.02568, -1.65055, 0.03753, 6.10370, -1.52731, -0.00479, 5.64190, -1.49246, 0.00173, 6.27068, -1.24062, -0.01530, 5.77510, -1.64993, 0.47036, 6.27057, -1.43015, 0.55443, 5.70000, -1.46568, 0.44299, 6.17243, -1.25723, 0.55606, 6.12961, -1.39583, 0.55363, 5.84910, -1.51540, 0.49294
6.02159, -1.65187, 0.04131, 6.07975, -1.53877, -0.00637, 5.64206, -1.49281, 0.00126, 6.27207, -1.24039, -0.01437, 5.75965, -1.64967, 0.47150, 6.25914, -1.43862, 0.55299, 5.68767, -1.46480, 0.44329, 6.16542, -1.26326, 0.55406, 6.11909, -1.40074, 0.55264, 5.83639, -1.51599, 0.49340
6.01419, -1.65341, 0.04467, 6.06231, -1.54422, -0.00881, 5.64186, -1.49270, 0.00125, 6.27351, -1.24024, -0.01323, 5.74386, -1.64955, 0.47308, 6.24768, -1.44742, 0.55063, 5.67541, -1.46425, 0.44394, 6.15843, -1.26974, 0.55215, 6.10864, -1.40601, 0.55133, 5.82375, -1.51692, 0.49395
6.00177, -1.65548, 0.04702, 6.05246, -1.54702, -0.01201, 5.64152, -1.49245, 0.00143, 6.27492, -1.24027, -0.01180, 5.72749, -1.64945, 0.47540, 6.23617, -1.45636, 0.54831, 5.66329, -1.46397, 0.44473, 6.15123, -1.27658, 0.55043, 6.09817, -1.41161, 0.54990, 5.81117, -1.51823, 0.49459
5.98416, -1.65862, 0.04909, 6.04830, -1.54808, -0.01552, 5.64153, -1.49232, 0.00153, 6.27624, -1.24051, -0.01005, 5.71003, -1.64895, 0.47891, 6.22459, -1.46545, 0.54612, 5.65125, -1.46392, 0.44567, 6.14357, -1.28388, 0.54889, 6.08760, -1.41773, 0.54853, 5.79856, -1.51993, 0.49525
5.96129, -1.66295, 0.05111, 6.04770, -1.54805, -0.01892, 5.64156, -1.49224, 0.00166, 6.27736, -1.24107, -0.00792, 5.69140, -1.64801, 0.48324, 6.21279, -1.47438, 0.54424, 5.63932, -1.46403, 0.44661, 6.13501, -1.29142, 0.54761, 6.07668, -1.42426, 0.54734, 5.78578, -1.52212, 0.49594
5.91197, -1.66126, 0.07809, 6.04850, -1.54719, -0.02169, 5.64158, -1.49216, 0.00182, 6.27822, -1.24193, -0.00539, 5.67973, -1.65184, 0.48430, 6.20081, -1.48262, 0.54305, 5.62784, -1.46494, 0.44746, 6.12521, -1.29874, 0.54666, 6.06531, -1.43088, 0.54632, 5.77295, -1.52518, 0.49656
5.87201, -1.66250, 0.08454, 6.04987, -1.54654, -0.02329, 5.64166, -1.49206, 0.00200, 6.27872, -1.24290, -0.00250, 5.66803, -1.65448, 0.48779, 6.18868, -1.48999, 0.54286, 5.61648, -1.46551, 0.44812, 6.11444, -1.30555, 0.54601, 6.05355, -1.43724, 0.54560, 5.76001, -1.52831, 0.49711
5.82454, -1.66556, 0.08839, 6.05069, -1.54672, -0.02371, 5.64193, -1.49196, 0.00217, 6.27855, -1.24364, 0.00067, 5.65430, -1.65684, 0.49093, 6.17638, -1.49630, 0.54382, 5.60535, -1.46628, 0.44867, 6.10252, -1.31170, 0.54596, 6.04135, -1.44325, 0.54508, 5.74700, -1.53185, 0.49757
5.77094, -1.66859, 0.09076, 6.05143, -1.54660, -0.02382, 5.64244, -1.49185, 0.00234, 6.27779, -1.24435, 0.00426, 5.63988, -1.65961, 0.49381, 6.16399, -1.50166, 0.54583, 5.59463, -1.46748, 0.44916, 6.08953, -1.31728, 0.54681, 6.02879, -1.44903, 0.54500, 5.73399, -1.53587, 0.49815
5.71593, -1.67079, 0.09067, 6.05239, -1.54614, -0.02382, 5.64312, -1.49173, 0.00255, 6.27679, -1.24638, 0.00843, 5.62526, -1.66275, 0.49613, 6.15140, -1.50586, 0.54865, 5.58413, -1.46903, 0.44935, 6.07574, -1.32198, 0.54768, 6.01590, -1.45412, 0.54514, 5.72099, -1.54009, 0.49872
5.66174, -1.67241, 0.08735, 6.05298, -1.54560, -0.02362, 5.64392, -1.49162, 0.00279, 6.27593, -1.25055, 0.01365, 5.61103, -1.66609, 0.49787, 6.13873, -1.50930, 0.55186, 5.57388, -1.47071, 0.44934, 6.06171, -1.32602, 0.54845, 6.00294, -1.45863, 0.54550, 5.70812, -1.54423, 0.49928
5.60792, -1.67381, 0.08381, 6.05379, -1.54512, -0.02324, 5.64479, -1.49156, 0.00308, 6.27065, -1.25495, 0.01787, 5.59721, -1.66963, 0.49935, 6.12595, -1.51218, 0.55471, 5.56388, -1.47251, 0.44927, 6.04751, -1.32956, 0.54875, 5.98986, -1.46267, 0.54592, 5.69526, -1.54831, 0.49992
5.55350, -1.67492, 0.07981, 6.05467, -1.54483, -0.02267, 5.64580, -1.49164, 0.00338, 6.26032, -1.25973, 0.02071, 5.58402, -1.67358, 0.50027, 6.11291, -1.51467, 0.55750, 5.55412, -1.47439, 0.44902, 6.03311, -1.33275, 0.54872, 5.97657, -1.46634, 0.54634, 5.68227, -1.55228, 0.50065
5.49866, -1.67558, 0.07462, 6.05561, -1.54466, -0.02199, 5.64685, -1.49180, 0.00375, 6.24757, -1.26711, 0.02344, 5.57112, -1.67788, 0.50057, 6.09982, -1.51683, 0.55983, 5.54457, -1.47640, 0.44864, 6.01868, -1.33567, 0.54826, 5.96322, -1.46972, 0.54679, 5.66927, -1.55616, 0.50153
5.44563, -1.67547, 0.06889, 6.05647, -1.54440, -0.02121, 5.64787, -1.49197, 0.00424, 6.23140, -1.27836, 0.02596, 5.55794, -1.68230, 0.50094, 6.08663, -1.51877, 0.56202, 5.53527, -1.47886, 0.44829, 6.00427, -1.33839, 0.54728, 5.94980, -1.47286, 0.54731, 5.65622, -1.56003, 0.50275
5.38512, -1.67228, 0.04488, 6.05733, -1.54409, -0.02033, 5.64881, -1.49212, 0.00488, 6.21060, -1.29435, 0.02917, 5.54484, -1.68551, 0.50282, 6.07354, -1.52018, 0.56407, 5.52586, -1.48115, 0.44792, 5.98990, -1.34071, 0.54584, 5.93643, -1.47556, 0.54799, 5.64327, -1.56357, 0.50407
5.34064, -1.67091, 0.04690, 6.05826, -1.54354, -0.01947, 5.64996, -1.49234, 0.00573, 6.18251, -1.31430, 0.03161, 5.53587, -1.69184, 0.49791, 6.06061, -1.52122, 0.56586, 5.51623, -1.48399, 0.44748, 5.97551, -1.34284, 0.54397, 5.92316, -1.47807, 0.54864, 5.63051, -1.56727, 0.50515
5.30553, -1.66847, 0.04561, 6.05901, -1.54274, -0.01856, 5.65109, -1.49257, 0.00680, 6.14891, -1.33768, 0.03084, 5.52338, -1.69638, 0.49245, 6.04787, -1.52210, 0.56711, 5.50624, -1.48662, 0.44703, 5.96119, -1.34496, 0.54161, 5.91004, -1.48052, 0.54915, 5.61782, -1.57070, 0.50586
5.27958, -1.66520, 0.04116, 6.05968, -1.54203, -0.01756, 5.65170, -1.49331, 0.00799, 6.11088, -1.36370, 0.02824, 5.50907, -1.69982, 0.48765, 6.03509, -1.52329, 0.56777, 5.49567, -1.48923, 0.44659, 5.94687, -1.34739, 0.53926, 5.89685, -1.48318, 0.54961, 5.60489, -1.57394, 0.50645
5.26243, -1.66168, 0.03486, 6.06034, -1.54135, -0.01646, 5.65254, -1.49388, 0.00922, 6.06930, -1.39080, 0.02451, 5.49336, -1.70259, 0.48439, 6.02202, -1.52534, 0.56811, 5.48424, -1.49198, 0.44601, 5.93242, -1.35046, 0.53760, 5.88343, -1.48647, 0.54988, 5.59153, -1.57715, 0.50680
5.25173, -1.65838, 0.02826, 6.06096, -1.54065, -0.01525, 5.65338, -1.49419, 0.01065, 6.02195, -1.41896, 0.02005, 5.47735, -1.70513, 0.48259, 6.00854, -1.52862, 0.56815, 5.47207, -1.49476, 0.44531, 5.91798, -1.35436, 0.53693, 5.86971, -1.49056, 0.55002, 5.57767, -1.58039, 0.50686
5.24442, -1.65569, 0.02296, 6.06155, -1.54001, -0.01392, 5.65370, -1.49411, 0.01232, 5.96909, -1.44593, 0.01529, 5.46137, -1.70771, 0.48186, 5.99442, -1.53333, 0.56792, 5.45921, -1.49753, 0.44457, 5.90376, -1.35903, 0.53721, 5.85555, -1.49526, 0.55017, 5.56320, -1.58366, 0.50673
5.24041, -1.65407, 0.01866, 6.06206, -1.53945, -0.01250, 5.65301, -1.49374, 0.01422, 5.91542, -1.47237, 0.00993, 5.44589, -1.71057, 0.48206, 5.97970, -1.53941, 0.56733, 5.44521, -1.50042, 0.44374, 5.88968, -1.36449, 0.53841, 5.84092, -1.50059, 0.55051, 5.54811, -1.58698, 0.50637
5.23864, -1.65345, 0.01575, 6.06251, -1.53903, -0.01101, 5.65212, -1.49384, 0.01663, 5.86452, -1.49910, 0.00495, 5.43103, -1.71354, 0.48307, 5.96464, -1.54671, 0.56618, 5.43006, -1.50327, 0.44281, 5.87584, -1.37069, 0.54028, 5.82605, -1.50653, 0.55103, 5.53259, -1.59024, 0.50594
5.23780, -1.65345, 0.01409, 6.06292, -1.53891, -0.00949, 5.65117, -1.49518, 0.01987, 5.81302, -1.52226, 0.00069, 5.41547, -1.71624, 0.48492, 5.94915, -1.55479, 0.56455, 5.41391, -1.50605, 0.44193, 5.86193, -1.37747, 0.54246, 5.81086, -1.51298, 0.55135, 5.51653, -1.59344, 0.50551
5.23653, -1.65376, 0.01308, 6.06335, -1.53895, -0.00778, 5.64909, -1.49688, 0.02383, 5.76357, -1.54156, -0.00298, 5.39899, -1.71868, 0.48690, 5.93349, -1.56304, 0.56274, 5.39710, -1.50887, 0.44124, 5.84769, -1.38462, 0.54428, 5.79549, -1.51981, 0.55111, 5.50022, -1.59673, 0.50488
5.23507, -1.65423, 0.01219, 6.06376, -1.53910, -0.00578, 5.64497, -1.49811, 0.02821, 5.71975, -1.55744, -0.00613, 5.38194, -1.72074, 0.48856, 5.91765, -1.57125, 0.56062, 5.37978, -1.51144, 0.44091, 5.83319, -1.39186, 0.54562, 5.77993, -1.52672, 0.55057, 5.48369, -1.59989, 0.50415
