-3.30362, -0.28011, 0.05027, -3.62037, -0.16156, 0.02649, -2.87861, -0.41087, 0.00309, -3.59113, -0.30059, -0.01578, -3.04040, -0.23284, 0.48720, -3.47011, -0.09765, 0.53974, -3.03034, -0.44819, 0.48462, -3.57576, -0.26073, 0.58196, -3.43446, -0.23693, 0.55919, -3.14313, -0.33298, 0.51832
-3.29404, -0.28106, 0.05536, -3.55789, -0.18310, 0.02053, -2.87537, -0.41130, 0.00220, -3.59302, -0.29993, -0.01424, -3.02048, -0.23375, 0.48631, -3.45484, -0.10544, 0.54431, -3.01229, -0.44963, 0.48540, -3.55686, -0.27158, 0.58343, -3.41608, -0.24419, 0.56153, -3.12306, -0.33439, 0.51850
-3.27952, -0.28191, 0.06040, -3.49379, -0.20238, 0.01407, -2.87306, -0.41179, 0.00146, -3.59481, -0.29925, -0.01252, -2.99954, -0.23463, 0.48636, -3.44053, -0.11355, 0.54908, -2.99417, -0.45077, 0.48653, -3.53817, -0.28315, 0.58431, -3.39810, -0.25152, 0.56359, -3.10337, -0.33568, 0.51886
-3.25711, -0.28248, 0.06578, -3.42897, -0.21999, 0.00789, -2.87171, -0.41278, 0.00105, -3.59620, -0.29864, -0.01078, -2.97742, -0.23562, 0.48795, -3.42656, -0.12124, 0.55383, -2.97521, -0.45151, 0.48797, -3.51984, -0.29419, 0.58427, -3.38057, -0.25839, 0.56502, -3.08425, -0.33695, 0.51935
-3.22173, -0.28267, 0.07306, -3.36736, -0.23516, 0.00312, -2.87103, -0.41375, 0.00087, -3.59712, -0.29823, -0.00903, -2.95447, -0.23698, 0.49024, -3.41290, -0.12837, 0.55802, -2.95599, -0.45197, 0.48944, -3.50190, -0.30439, 0.58325, -3.36350, -0.26458, 0.56561, -3.06567, -0.33808, 0.52000
-3.17145, -0.28322, 0.07999, -3.30914, -0.24618, 0.00006, -2.87066, -0.41428, 0.00081, -3.59813, -0.29822, -0.00728, -2.93398, -0.23774, 0.49284, -3.39965, -0.13498, 0.56106, -2.93707, -0.45178, 0.49077, -3.48475, -0.31354, 0.58137, -3.34720, -0.27017, 0.56560, -3.04801, -0.33919, 0.52069
-3.11326, -0.28410, 0.08355, -3.25807, -0.25162, -0.00217, -2.87032, -0.41463, 0.00084, -3.59921, -0.29859, -0.00554, -2.91839, -0.23674, 0.49703, -3.38710, -0.14080, 0.56217, -2.91892, -0.45040, 0.49193, -3.46904, -0.32124, 0.57850, -3.33214, -0.27503, 0.56535, -3.03191, -0.34048, 0.52134
-3.05106, -0.28608, 0.08471, -3.21608, -0.25352, -0.00384, -2.87008, -0.41490, 0.00097, -3.60005, -0.29927, -0.00348, -2.90510, -0.23482, 0.50195, -3.37488, -0.14562, 0.56126, -2.90141, -0.44816, 0.49292, -3.45402, -0.32752, 0.57503, -3.31770, -0.27891, 0.56479, -3.01660, -0.34149, 0.52209
-2.98763, -0.28821, 0.08388, -3.19473, -0.25359, -0.00862, -2.87012, -0.41508, 0.00119, -3.60029, -0.29990, -0.00104, -2.89145, -0.23302, 0.50647, -3.36201, -0.14945, 0.55855, -2.88419, -0.44590, 0.49381, -3.43863, -0.33247, 0.57159, -3.30289, -0.28183, 0.56386, -3.00093, -0.34189, 0.52309
-2.92500, -0.28939, 0.08089, -3.18435, -0.25331, -0.01345, -2.87042, -0.41516, 0.00154, -3.59944, -0.29981, 0.00178, -2.87494, -0.23211, 0.50994, -3.34773, -0.15213, 0.55410, -2.86697, -0.44444, 0.49466, -3.42233, -0.33589, 0.56845, -3.28711, -0.28371, 0.56191, -2.98417, -0.34152, 0.52444
-2.86398, -0.29017, 0.07543, -3.17878, -0.25386, -0.01692, -2.87086, -0.41523, 0.00202, -3.59784, -0.29857, 0.00516, -2.85697, -0.23136, 0.51230, -3.33236, -0.15395, 0.54933, -2.84980, -0.44322, 0.49541, -3.40560, -0.33808, 0.56585, -3.27075, -0.28488, 0.55996, -2.96690, -0.34068, 0.52608
-2.80226, -0.29014, 0.06928, -3.17697, -0.25486, -0.01861, -2.87168, -0.41524, 0.00261, -3.59544, -0.29659, 0.00951, -2.83820, -0.23051, 0.51375, -3.31639, -0.15531, 0.54564, -2.83253, -0.44199, 0.49605, -3.38849, -0.33971, 0.56397, -3.25397, -0.28564, 0.55856, -2.94938, -0.33968, 0.52774
-2.74083, -0.28955, 0.06182, -3.17737, -0.25559, -0.01966, -2.87283, -0.41523, 0.00335, -3.59131, -0.29478, 0.01479, -2.81842, -0.22975, 0.51504, -3.30031, -0.15613, 0.54367, -2.81507, -0.44079, 0.49651, -3.37069, -0.34114, 0.56258, -3.23668, -0.28575, 0.55770, -2.93148, -0.33829, 0.52914
-2.67552, -0.29055, 0.04714, -3.17883, -0.25565, -0.02104, -2.87421, -0.41519, 0.00426, -3.58505, -0.29494, 0.02036, -2.79938, -0.22897, 0.51607, -3.28419, -0.15698, 0.54364, -2.79749, -0.43983, 0.49666, -3.35263, -0.34277, 0.56198, -3.21921, -0.28596, 0.55751, -2.91351, -0.33700, 0.53019
-2.62299, -0.28649, 0.05158, -3.17949, -0.25587, -0.02172, -2.87563, -0.41514, 0.00537, -3.57581, -0.29776, 0.02579, -2.78219, -0.22677, 0.51238, -3.26813, -0.15835, 0.54552, -2.77991, -0.43874, 0.49634, -3.33425, -0.34510, 0.56252, -3.20155, -0.28666, 0.55791, -2.89537, -0.33559, 0.53070
-2.57917, -0.28278, 0.05149, -3.17984, -0.25639, -0.02138, -2.87692, -0.41501, 0.00671, -3.56159, -0.30273, 0.03025, -2.76414, -0.22519, 0.50815, -3.25295, -0.16082, 0.54850, -2.76246, -0.43781, 0.49558, -3.31537, -0.34899, 0.56381, -3.18384, -0.28799, 0.55863, -2.87718, -0.33413, 0.53066
-2.54539, -0.27907, 0.04625, -3.18122, -0.25697, -0.02079, -2.87796, -0.41479, 0.00828, -3.54040, -0.30901, 0.03283, -2.74485, -0.22430, 0.50396, -3.23882, -0.16447, 0.55193, -2.74536, -0.43697, 0.49436, -3.29594, -0.35449, 0.56496, -3.16618, -0.28983, 0.55947, -2.85904, -0.33260, 0.53013
-2.52018, -0.27588, 0.03920, -3.18278, -0.25747, -0.01979, -2.87868, -0.41443, 0.00999, -3.51171, -0.31586, 0.03473, -2.72511, -0.22333, 0.50052, -3.22544, -0.16916, 0.55571, -2.72872, -0.43580, 0.49268, -3.27578, -0.36127, 0.56557, -3.14841, -0.29202, 0.56036, -2.84083, -0.33083, 0.52925
-2.50370, -0.27280, 0.03212, -3.18450, -0.25788, -0.01852, -2.87891, -0.41420, 0.01193, -3.47571, -0.32249, 0.03574, -2.70466, -0.22227, 0.49828, -3.21208, -0.17455, 0.55982, -2.71228, -0.43431, 0.49063, -3.25496, -0.36864, 0.56539, -3.13036, -0.29443, 0.56126, -2.82245, -0.32880, 0.52806
-2.49523, -0.26881, 0.02564, -3.18630, -0.25807, -0.01724, -2.87845, -0.41421, 0.01431, -3.43300, -0.32902, 0.03531, -2.68450, -0.22066, 0.49765, -3.19808, -0.18032, 0.56320, -2.69561, -0.43259, 0.48822, -3.23338, -0.37600, 0.56515, -3.11178, -0.29693, 0.56159, -2.80358, -0.32656, 0.52667
-2.49022, -0.26650, 0.02097, -3.18787, -0.25810, -0.01597, -2.87753, -0.41435, 0.01712, -3.38466, -0.33540, 0.03347, -2.66485, -0.21833, 0.49833, -3.18320, -0.18587, 0.56587, -2.67844, -0.43051, 0.48547, -3.21098, -0.38277, 0.56493, -3.09253, -0.29906, 0.56172, -2.78416, -0.32408, 0.52519
-2.48878, -0.26592, 0.01764, -3.18913, -0.25809, -0.01469, -2.87666, -0.41516, 0.02067, -3.33145, -0.34070, 0.03021, -2.64500, -0.21572, 0.50014, -3.16720, -0.19089, 0.56800, -2.66039, -0.42807, 0.48266, -3.18800, -0.38862, 0.56505, -3.07261, -0.30073, 0.56187, -2.76423, -0.32147, 0.52364
-2.48753, -0.26642, 0.01583, -3.19004, -0.25808, -0.01342, -2.87538, -0.41517, 0.02534, -3.27288, -0.34445, 0.02540, -2.62475, -0.21302, 0.50189, -3.15018, -0.19517, 0.56951, -2.64126, -0.42530, 0.48003, -3.16454, -0.39346, 0.56552, -3.05211, -0.30183, 0.56203, -2.74385, -0.31880, 0.52193
-2.48612, -0.26704, 0.01518, -3.19100, -0.25809, -0.01204, -2.87132, -0.41329, 0.03083, -3.21016, -0.34728, 0.01936, -2.60424, -0.21055, 0.50341, -3.13250, -0.19864, 0.57042, -2.62138, -0.42252, 0.47812, -3.14130, -0.39725, 0.56616, -3.03152, -0.30248, 0.56212, -2.72344, -0.31622, 0.52028
-2.48526, -0.26760, 0.01491, -3.19193, -0.25817, -0.01048, -2.86241, -0.41166, 0.03596, -3.14511, -0.34963, 0.01354, -2.58415, -0.20829, 0.50473, -3.11461, -0.20126, 0.57071, -2.60113, -0.41996, 0.47721, -3.11883, -0.40002, 0.56677, -3.01129, -0.30275, 0.56208, -2.70338, -0.31384, 0.51897
-2.48466, -0.26791, 0.01468, -3.19273, -0.25831, -0.00888, -2.85025, -0.41024, 0.04166, -3.07917, -0.35116, 0.00854, -2.56472, -0.20620, 0.50590, -3.09688, -0.20335, 0.57016, -2.58052, -0.41760, 0.47739, -3.09726, -0.40217, 0.56725, -2.99165, -0.30286, 0.56160, -2.68382, -0.31177, 0.51800
-2.48417, -0.26802, 0.01460, -3.19341, -0.25858, -0.00727, -2.83344, -0.40736, 0.05017, -3.01443, -0.35151, 0.00411, -2.54609, -0.20437, 0.50697, -3.07938, -0.20494, 0.56888, -2.55980, -0.41552, 0.47862, -3.07678, -0.40377, 0.56735, -2.97268, -0.30292, 0.56081, -2.66482, -0.31017, 0.51738
-2.48373, -0.26781, 0.01482, -3.19395, -0.25882, -0.00564, -2.80604, -0.40339, 0.06226, -2.95266, -0.35144, -0.00017, -2.52812, -0.20300, 0.50807, -3.06217, -0.20629, 0.56691, -2.53949, -0.41380, 0.48004, -3.05735, -0.40508, 0.56665, -2.95436, -0.30313, 0.55976, -2.64638, -0.30913, 0.51709
-2.48338, -0.26723, 0.01525, -3.19432, -0.25894, -0.00398, -2.76503, -0.39906, 0.07316, -2.89149, -0.35118, -0.00233, -2.51068, -0.20214, 0.50912, -3.04518, -0.20773, 0.56439, -2.51939, -0.41255, 0.48138, -3.03864, -0.40647, 0.56478, -2.93649, -0.30364, 0.55830, -2.62830, -0.30877, 0.51703
-2.48311, -0.26652, 0.01588, -3.19433, -0.25894, -0.00212, -2.71260, -0.39506, 0.08181, -2.83701, -0.35141, -0.00311, -2.49356, -0.20172, 0.51019, -3.02820, -0.20926, 0.56161, -2.49912, -0.41164, 0.48316, -3.02044, -0.40796, 0.56187, -2.91887, -0.30450, 0.55650, -2.61040, -0.30899, 0.51718
-2.48293, -0.26571, 0.01668, -3.19386, -0.25870, -0.00003, -2.65285, -0.39233, 0.08828, -2.79374, -0.35141, -0.00490, -2.47649, -0.20170, 0.51126, -3.01135, -0.21086, 0.55840, -2.47859, -0.41077, 0.48557, -3.00283, -0.40952, 0.55819, -2.90160, -0.30566, 0.55440, -2.59277, -0.30965, 0.51748
-2.48270, -0.26488, 0.01767, -3.19214, -0.25855, 0.00213, -2.59077, -0.39048, 0.09107, -2.76178, -0.34811, -0.00722, -2.45926, -0.20215, 0.51220, -2.99439, -0.21244, 0.55473, -2.45747, -0.40988, 0.48836, -2.98571, -0.41109, 0.55365, -2.88451, -0.30715, 0.55196, -2.57528, -0.31072, 0.51791
-2.48253, -0.26402, 0.01878, -3.19071, -0.25790, 0.00467, -2.53042, -0.38868, 0.08924, -2.74355, -0.34195, -0.00988, -2.44175, -0.20303, 0.51279, -2.97710, -0.21388, 0.55071, -2.43619, -0.40918, 0.49113, -2.96876, -0.41254, 0.54878, -2.86736, -0.30877, 0.54923, -2.55769, -0.31217, 0.51841
-2.48239, -0.26317, 0.02002, -3.18964, -0.25736, 0.00821, -2.47107, -0.38746, 0.08293, -2.73502, -0.33801, -0.01384, -2.42413, -0.20420, 0.51302, -2.95924, -0.21516, 0.54690, -2.41543, -0.40919, 0.49337, -2.95150, -0.41384, 0.54415, -2.84979, -0.31041, 0.54649, -2.53972, -0.31401, 0.51888
-2.48223, -0.26232, 0.02141, -3.18737, -0.25705, 0.01269, -2.40928, -0.38525, 0.07067, -2.72948, -0.33537, -0.01725, -2.40647, -0.20561, 0.51291, -2.94086, -0.21627, 0.54400, -2.39506, -0.40989, 0.49502, -2.93394, -0.41496, 0.54019, -2.83182, -0.31197, 0.54412, -2.52142, -0.31619, 0.51934
-2.48199, -0.26150, 0.02290, -3.18267, -0.25679, 0.01805, -2.34306, -0.38432, 0.05390, -2.72460, -0.33577, -0.02014, -2.38898, -0.20719, 0.51240, -2.92171, -0.21681, 0.54217, -2.37522, -0.41139, 0.49613, -2.91639, -0.41555, 0.53836, -2.81345, -0.31340, 0.54269, -2.50285, -0.31869, 0.51975
-2.48163, -0.26074, 0.02442, -3.17415, -0.25671, 0.02352, -2.27251, -0.38882, 0.03960, -2.72309, -0.33727, -0.02211, -2.37172, -0.20881, 0.51150, -2.90137, -0.21645, 0.54120, -2.35582, -0.41375, 0.49643, -2.89899, -0.41527, 0.53922, -2.79454, -0.31462, 0.54214, -2.48385, -0.32140, 0.51996
-2.48112, -0.26004, 0.02600, -3.16058, -0.25692, 0.02814, -2.19883, -0.39914, 0.03577, -2.72365, -0.33850, -0.02320, -2.35471, -0.21053, 0.51025, -2.88001, -0.21504, 0.54099, -2.33686, -0.41706, 0.49476, -2.88179, -0.41387, 0.54180, -2.77525, -0.31540, 0.54216, -2.46457, -0.32431, 0.51983
-2.48040, -0.25942, 0.02765, -3.14058, -0.25689, 0.03091, -2.14585, -0.40772, 0.03593, -2.72546, -0.33842, -0.02351, -2.33779, -0.21248, 0.50860, -2.85771, -0.21246, 0.54096, -2.31753, -0.42052, 0.49165, -2.86505, -0.41111, 0.54579, -2.75579, -0.31570, 0.54282, -2.44529, -0.32742, 0.51933
-2.47954, -0.25891, 0.02953, -3.11266, -0.25671, 0.03129, -2.10670, -0.41246, 0.03013, -2.72792, -0.33752, -0.02329, -2.32139, -0.21457, 0.50700, -2.83438, -0.20882, 0.54055, -2.29803, -0.42379, 0.48836, -2.84874, -0.40687, 0.55105, -2.73619, -0.31557, 0.54433, -2.42607, -0.33072, 0.51855
-2.47851, -0.25858, 0.03171, -3.07786, -0.25733, 0.03069, -2.07742, -0.41385, 0.02140, -2.73024, -0.33672, -0.02252, -2.30522, -0.21687, 0.50532, -2.80996, -0.20397, 0.53986, -2.27807, -0.42681, 0.48443, -2.83256, -0.40082, 0.55656, -2.71633, -0.31461, 0.54610, -2.40680, -0.33420, 0.51751
-2.47705, -0.25848, 0.03413, -3.03702, -0.25823, 0.02978, -2.05510, -0.41489, 0.01333, -2.73227, -0.33610, -0.02151, -2.28924, -0.21951, 0.50350, -2.78471, -0.19943, 0.53970, -2.25789, -0.42980, 0.48027, -2.81613, -0.39453, 0.56181, -2.69620, -0.31412, 0.54764, -2.38739, -0.33785, 0.51633
-2.47490, -0.25865, 0.03685, -2.99168, -0.25922, 0.02880, -2.04470, -0.41782, 0.00679, -2.73435, -0.33547, -0.02036, -2.27304, -0.22241, 0.50169, -2.75961, -0.19662, 0.54039, -2.23818, -0.43314, 0.47864, -2.79829, -0.38986, 0.56686, -2.67554, -0.31451, 0.54944, -2.36748, -0.34145, 0.51525
-2.47172, -0.25893, 0.04018, -2.94346, -0.26080, 0.02792, -2.03887, -0.41904, 0.00269, -2.73625, -0.33493, -0.01908, -2.25591, -0.22555, 0.50016, -2.73504, -0.19567, 0.54220, -2.21826, -0.43661, 0.47896, -2.77918, -0.38734, 0.57137, -2.65444, -0.31593, 0.55165, -2.34710, -0.34487, 0.51439
-2.46757, -0.25952, 0.04452, -2.89103, -0.26390, 0.02651, -2.03523, -0.41886, 0.00055, -2.73797, -0.33449, -0.01771, -2.23681, -0.22861, 0.49876, -2.71070, -0.19613, 0.54535, -2.19716, -0.43962, 0.48078, -2.75900, -0.38670, 0.57519, -2.63281, -0.31820, 0.55433, -2.32615, -0.34787, 0.51376
-2.46024, -0.26090, 0.04921, -2.83430, -0.26848, 0.02454, -2.03301, -0.41836, -0.00036, -2.73969, -0.33423, -0.01601, -2.21577, -0.23139, 0.49709, -2.68718, -0.19780, 0.54939, -2.17573, -0.44223, 0.48281, -2.73846, -0.38774, 0.57828, -2.61128, -0.32121, 0.55708, -2.30516, -0.35041, 0.51342
-2.44828, -0.26187, 0.05361, -2.77465, -0.27418, 0.02133, -2.03137, -0.41819, -0.00068, -2.74133, -0.33411, -0.01415, -2.19349, -0.23397, 0.49652, -2.66467, -0.20061, 0.55378, -2.15572, -0.44518, 0.48434, -2.71797, -0.39031, 0.58044, -2.59014, -0.32496, 0.55956, -2.28434, -0.35261, 0.51349
-2.43150, -0.26239, 0.05866, -2.71405, -0.27998, 0.01712, -2.03014, -0.41875, -0.00074, -2.74278, -0.33400, -0.01241, -2.16947, -0.23643, 0.49742, -2.64311, -0.20466, 0.55825, -2.13698, -0.44831, 0.48564, -2.69779, -0.39445, 0.58126, -2.56948, -0.32962, 0.56164, -2.26378, -0.35460, 0.51390
-2.40428, -0.26514, 0.06540, -2.65365, -0.28557, 0.01272, -2.02907, -0.41971, -0.00078, -2.74403, -0.33388, -0.01078, -2.14355, -0.23903, 0.49858, -2.62278, -0.20964, 0.56228, -2.11826, -0.45097, 0.48683, -2.67782, -0.39981, 0.58080, -2.54934, -0.33476, 0.56317, -2.24356, -0.35641, 0.51450
-2.36295, -0.26924, 0.07350, -2.59337, -0.29236, 0.00845, -2.02856, -0.42035, -0.00092, -2.74542, -0.33373, -0.00904, -2.12003, -0.24142, 0.49861, -2.60388, -0.21489, 0.56573, -2.09967, -0.45317, 0.48811, -2.65808, -0.40572, 0.57932, -2.52983, -0.33964, 0.56404, -2.22385, -0.35811, 0.51525
-2.31209, -0.27236, 0.07814, -2.53488, -0.29986, 0.00464, -2.02847, -0.42084, -0.00107, -2.74675, -0.33353, -0.00705, -2.10051, -0.24305, 0.50021, -2.58615, -0.21979, 0.56828, -2.08125, -0.45483, 0.48953, -2.63881, -0.41133, 0.57720, -2.51102, -0.34384, 0.56438, -2.20477, -0.35977, 0.51619
-2.25336, -0.27535, 0.08030, -2.47736, -0.30555, 0.00145, -2.02861, -0.42140, -0.00100, -2.74777, -0.33340, -0.00477, -2.08277, -0.24419, 0.50260, -2.56920, -0.22427, 0.56968, -2.06286, -0.45599, 0.49096, -2.61990, -0.41647, 0.57472, -2.49273, -0.34744, 0.56415, -2.18611, -0.36122, 0.51728
-2.19012, -0.27906, 0.08052, -2.42289, -0.30982, 0.00016, -2.02886, -0.42202, -0.00081, -2.74828, -0.33342, -0.00227, -2.06504, -0.24525, 0.50559, -2.55294, -0.22846, 0.56961, -2.04448, -0.45677, 0.49200, -2.60134, -0.42131, 0.57198, -2.47494, -0.35062, 0.56320, -2.16780, -0.36236, 0.51848
-2.12271, -0.28380, 0.07938, -2.37877, -0.31334, -0.00155, -2.02919, -0.42255, -0.00057, -2.74812, -0.33326, 0.00055, -2.04733, -0.24593, 0.50850, -2.53700, -0.23233, 0.56811, -2.02609, -0.45696, 0.49266, -2.58290, -0.42580, 0.56918, -2.45737, -0.35344, 0.56170, -2.14963, -0.36314, 0.51966
-2.05698, -0.28930, 0.07636, -2.35014, -0.31565, -0.00459, -2.02963, -0.42290, -0.00033, -2.74703, -0.33324, 0.00389, -2.02815, -0.24672, 0.51043, -2.52093, -0.23590, 0.56589, -2.00763, -0.45708, 0.49284, -2.56435, -0.42995, 0.56648, -2.43971, -0.35597, 0.55992, -2.13139, -0.36373, 0.52070
-1.99146, -0.29383, 0.06982, -2.33226, -0.31804, -0.00606, -2.03024, -0.42306, 0.00001, -2.74575, -0.33422, 0.00789, -2.00726, -0.24799, 0.51182, -2.50424, -0.23919, 0.56298, -1.98895, -0.45753, 0.49260, -2.54548, -0.43371, 0.56402, -2.42164, -0.35837, 0.55805, -2.11280, -0.36430, 0.52151
-1.92602, -0.29740, 0.06180, -2.32462, -0.32100, -0.00960, -2.03096, -0.42305, 0.00050, -2.74506, -0.33472, 0.01323, -1.98628, -0.24903, 0.51304, -2.48673, -0.24223, 0.56024, -1.97018, -0.45803, 0.49193, -2.52607, -0.43714, 0.56165, -2.40293, -0.36060, 0.55628, -2.09367, -0.36464, 0.52209
-1.85628, -0.30408, 0.04476, -2.32482, -0.32402, -0.01425, -2.03175, -0.42290, 0.00117, -2.74205, -0.33437, 0.01942, -1.96553, -0.24991, 0.51453, -2.46875, -0.24519, 0.55800, -1.95146, -0.45869, 0.49083, -2.50609, -0.44049, 0.55950, -2.38372, -0.36269, 0.55466, -2.07414, -0.36480, 0.52240
-1.79592, -0.30461, 0.05081, -2.32733, -0.32675, -0.01787, -2.03269, -0.42295, 0.00201, -2.73516, -0.33578, 0.02555, -1.94811, -0.24769, 0.51027, -2.45077, -0.24840, 0.55658, -1.93301, -0.45862, 0.48936, -2.48513, -0.44425, 0.55748, -2.36395, -0.36459, 0.55323, -2.05413, -0.36426, 0.52264
-1.74418, -0.30511, 0.05343, -2.32683, -0.32894, -0.01904, -2.03379, -0.42303, 0.00317, -2.72440, -0.34067, 0.03135, -1.92874, -0.24611, 0.50494, -2.43288, -0.25195, 0.55615, -1.91474, -0.45855, 0.48765, -2.46322, -0.44847, 0.55586, -2.34370, -0.36631, 0.55188, -2.03375, -0.36343, 0.52247
-1.70117, -0.30616, 0.05093, -2.32609, -0.33052, -0.01912, -2.03484, -0.42322, 0.00470, -2.70808, -0.34917, 0.03606, -1.90839, -0.24516, 0.49955, -2.41523, -0.25597, 0.55734, -1.89674, -0.45853, 0.48578, -2.44055, -0.45318, 0.55458, -2.32320, -0.36794, 0.55099, -2.01325, -0.36230, 0.52161
-1.66787, -0.30728, 0.04383, -2.32645, -0.33131, -0.01901, -2.03567, -0.42362, 0.00662, -2.68181, -0.35913, 0.03796, -1.88697, -0.24458, 0.49447, -2.39778, -0.26053, 0.55961, -1.87908, -0.45838, 0.48381, -2.41723, -0.45831, 0.55312, -2.30249, -0.36956, 0.55051, -1.99269, -0.36082, 0.52038
-1.64338, -0.30794, 0.03472, -2.32752, -0.33161, -0.01863, -2.03605, -0.42428, 0.00882, -2.64124, -0.36634, 0.03716, -1.86436, -0.24453, 0.48939, -2.38033, -0.26568, 0.56225, -1.86194, -0.45828, 0.48187, -2.39329, -0.46379, 0.55122, -2.28155, -0.37126, 0.55028, -1.97203, -0.35916, 0.51886
-1.62672, -0.30841, 0.02724, -2.32869, -0.33199, -0.01786, -2.03588, -0.42512, 0.01123, -2.59232, -0.37764, 0.03509, -1.84099, -0.24446, 0.48685, -2.36281, -0.27164, 0.56493, -1.84475, -0.45804, 0.47963, -2.36835, -0.46978, 0.54919, -2.26017, -0.37312, 0.55018, -1.95109, -0.35746, 0.51715
-1.61640, -0.30936, 0.02245, -2.33004, -0.33238, -0.01718, -2.03613, -0.42597, 0.01453, -2.53682, -0.39028, 0.03156, -1.81769, -0.24390, 0.48770, -2.34504, -0.27816, 0.56701, -1.82630, -0.45750, 0.47692, -2.34240, -0.47608, 0.54798, -2.23832, -0.37503, 0.55034, -1.92982, -0.35587, 0.51532
-1.61160, -0.30999, 0.01900, -2.33144, -0.33272, -0.01651, -2.03567, -0.42618, 0.01916, -2.47697, -0.40167, 0.02668, -1.79438, -0.24331, 0.49038, -2.32650, -0.28398, 0.56860, -1.80640, -0.45688, 0.47425, -2.31590, -0.48145, 0.54781, -2.21600, -0.37628, 0.55074, -1.90816, -0.35446, 0.51344
-1.61044, -0.31104, 0.01689, -2.33296, -0.33310, -0.01560, -2.03204, -0.42548, 0.02478, -2.41251, -0.41137, 0.02040, -1.77115, -0.24311, 0.49342, -2.30679, -0.28781, 0.56980, -1.78562, -0.45653, 0.47226, -2.28965, -0.48478, 0.54866, -2.19333, -0.37632, 0.55134, -1.88609, -0.35325, 0.51186
-1.60983, -0.31236, 0.01575, -2.33441, -0.33350, -0.01438, -2.02530, -0.42632, 0.03077, -2.34246, -0.41775, 0.01338, -1.74762, -0.24327, 0.49639, -2.28615, -0.29017, 0.57027, -1.76404, -0.45625, 0.47049, -2.26375, -0.48672, 0.55019, -2.17039, -0.37568, 0.55192, -1.86363, -0.35224, 0.51076
-1.60941, -0.31335, 0.01484, -2.33568, -0.33377, -0.01288, -2.01412, -0.42775, 0.03735, -2.26982, -0.42043, 0.00690, -1.72471, -0.24349, 0.49885, -2.26476, -0.29122, 0.56980, -1.74124, -0.45618, 0.46965, -2.23878, -0.48755, 0.55203, -2.14746, -0.37481, 0.55245, -1.84108, -0.35157, 0.50989
-1.60862, -0.31376, 0.01422, -2.33674, -0.33393, -0.01115, -1.99856, -0.42612, 0.04726, -2.19371, -0.42307, 0.00228, -1.70270, -0.24359, 0.50076, -2.24323, -0.29149, 0.56829, -1.71764, -0.45622, 0.46996, -2.21477, -0.48778, 0.55410, -2.12485, -0.37392, 0.55285, -1.81868, -0.35132, 0.50920
-1.60755, -0.31364, 0.01393, -2.33815, -0.33403, -0.00908, -1.97303, -0.42230, 0.05946, -2.11850, -0.42571, -0.00146, -1.68178, -0.24360, 0.50242, -2.22189, -0.29124, 0.56596, -1.69390, -0.45622, 0.47104, -2.19201, -0.48757, 0.55601, -2.10286, -0.37316, 0.55288, -1.79673, -0.35148, 0.50873
-1.60684, -0.31298, 0.01399, -2.33953, -0.33402, -0.00660, -1.93382, -0.41981, 0.07125, -2.04698, -0.42660, -0.00381, -1.66132, -0.24387, 0.50415, -2.20090, -0.29077, 0.56337, -1.67003, -0.45615, 0.47307, -2.17082, -0.48722, 0.55683, -2.08175, -0.37279, 0.55223, -1.77540, -0.35212, 0.50858
-1.60646, -0.31206, 0.01444, -2.34021, -0.33389, -0.00410, -1.88104, -0.41999, 0.08159, -1.98306, -0.42579, -0.00492, -1.64113, -0.24449, 0.50605, -2.18024, -0.29044, 0.56043, -1.64634, -0.45603, 0.47531, -2.15074, -0.48704, 0.55633, -2.06129, -0.37295, 0.55088, -1.75453, -0.35323, 0.50878
-1.60632, -0.31128, 0.01527, -2.34004, -0.33372, -0.00190, -1.81909, -0.42107, 0.08913, -1.93078, -0.42516, -0.00622, -1.62087, -0.24549, 0.50809, -2.15990, -0.29036, 0.55701, -1.62293, -0.45587, 0.47741, -2.13148, -0.48714, 0.55448, -2.04133, -0.37359, 0.54914, -1.73402, -0.35478, 0.50942
-1.60627, -0.31052, 0.01640, -2.33928, -0.33349, 0.00045, -1.75302, -0.42165, 0.09239, -1.89143, -0.42395, -0.00811, -1.60086, -0.24697, 0.51003, -2.13997, -0.29063, 0.55334, -1.59899, -0.45581, 0.47990, -2.11283, -0.48760, 0.55125, -2.02186, -0.37465, 0.54705, -1.71392, -0.35695, 0.51038
-1.60616, -0.30973, 0.01767, -2.33897, -0.33360, 0.00400, -1.68732, -0.42109, 0.09076, -1.86654, -0.42426, -0.01114, -1.58091, -0.24914, 0.51149, -2.12014, -0.29129, 0.55006, -1.57433, -0.45599, 0.48292, -2.09437, -0.48844, 0.54725, -2.00255, -0.37613, 0.54496, -1.69401, -0.35968, 0.51138
-1.60597, -0.30900, 0.01908, -2.33748, -0.33352, 0.00869, -1.62410, -0.42098, 0.08608, -1.85375, -0.42284, -0.01585, -1.56072, -0.25173, 0.51238, -2.10009, -0.29259, 0.54705, -1.54995, -0.45649, 0.48599, -2.07557, -0.48987, 0.54268, -1.98300, -0.37815, 0.54297, -1.67394, -0.36275, 0.51235
-1.60567, -0.30841, 0.02071, -2.33351, -0.33278, 0.01447, -1.55756, -0.42212, 0.07910, -1.84511, -0.42261, -0.01921, -1.54041, -0.25439, 0.51276, -2.07987, -0.29445, 0.54467, -1.52658, -0.45758, 0.48791, -2.05629, -0.49177, 0.53766, -1.96317, -0.38057, 0.54101, -1.65366, -0.36601, 0.51323
-1.60518, -0.30791, 0.02248, -2.32534, -0.33103, 0.02014, -1.48919, -0.42476, 0.06846, -1.84157, -0.42244, -0.02182, -1.52025, -0.25695, 0.51259, -2.05929, -0.29634, 0.54275, -1.50432, -0.45952, 0.48892, -2.03683, -0.49370, 0.53359, -1.94308, -0.38313, 0.53924, -1.63319, -0.36944, 0.51397
-1.60500, -0.30749, 0.02445, -2.31169, -0.32779, 0.02460, -1.41551, -0.43052, 0.05209, -1.84110, -0.42184, -0.02465, -1.50027, -0.25949, 0.51210, -2.03798, -0.29742, 0.54124, -1.48274, -0.46226, 0.48967, -2.01742, -0.49497, 0.53168, -1.92261, -0.38534, 0.53814, -1.61242, -0.37302, 0.51464
-1.60520, -0.30692, 0.02660, -2.29013, -0.32624, 0.02728, -1.33555, -0.44498, 0.04053, -1.84230, -0.42085, -0.02653, -1.48058, -0.26211, 0.51134, -2.01544, -0.29626, 0.54048, -1.46262, -0.46637, 0.48971, -1.99870, -0.49422, 0.53221, -1.90179, -0.38642, 0.53819, -1.59135, -0.37673, 0.51526
-1.60505, -0.30609, 0.02896, -2.25976, -0.32651, 0.02824, -1.26904, -0.45889, 0.04120, -1.84362, -0.41912, -0.02701, -1.46116, -0.26485, 0.51046, -1.99191, -0.29323, 0.54078, -1.44284, -0.47113, 0.48780, -1.98061, -0.49169, 0.53587, -1.88078, -0.38649, 0.53969, -1.57023, -0.38045, 0.51572
-1.60395, -0.30522, 0.03154, -2.22181, -0.32640, 0.02783, -1.22144, -0.46670, 0.03670, -1.84489, -0.41764, -0.02634, -1.44208, -0.26756, 0.50933, -1.96739, -0.28875, 0.54127, -1.42227, -0.47548, 0.48495, -1.96305, -0.48754, 0.54200, -1.85959, -0.38583, 0.54217, -1.54913, -0.38410, 0.51599
-1.60125, -0.30451, 0.03412, -2.17641, -0.32570, 0.02591, -1.18869, -0.47209, 0.02772, -1.84707, -0.41687, -0.02539, -1.42359, -0.27019, 0.50782, -1.94188, -0.28361, 0.54136, -1.40123, -0.47938, 0.48175, -1.94580, -0.48229, 0.54839, -1.83820, -0.38504, 0.54472, -1.52798, -0.38767, 0.51611
-1.59754, -0.30370, 0.03670, -2.12526, -0.32493, 0.02386, -1.16788, -0.47399, 0.01678, -1.84932, -0.41645, -0.02434, -1.40609, -0.27278, 0.50627, -1.91573, -0.27868, 0.54145, -1.37950, -0.48281, 0.47811, -1.92801, -0.47669, 0.55480, -1.81642, -0.38428, 0.54732, -1.50660, -0.39122, 0.51608
-1.59482, -0.30301, 0.04024, -2.06744, -0.32688, 0.02223, -1.15599, -0.47589, 0.00797, -1.85168, -0.41640, -0.02314, -1.38748, -0.27577, 0.50466, -1.88876, -0.27454, 0.54266, -1.35720, -0.48612, 0.47653, -1.90947, -0.47150, 0.56048, -1.79405, -0.38419, 0.55024, -1.48480, -0.39470, 0.51599
-1.59147, -0.30284, 0.04489, -2.00685, -0.32960, 0.01974, -1.15016, -0.47897, 0.00313, -1.85417, -0.41628, -0.02178, -1.36649, -0.27922, 0.50270, -1.86109, -0.27126, 0.54480, -1.33509, -0.49004, 0.47791, -1.88979, -0.46692, 0.56551, -1.77095, -0.38463, 0.55318, -1.46234, -0.39808, 0.51592
-1.58555, -0.30344, 0.05029, -1.94243, -0.33328, 0.01622, -1.14796, -0.48129, 0.00078, -1.85658, -0.41572, -0.02008, -1.34437, -0.28280, 0.50086, -1.83348, -0.26957, 0.54807, -1.31292, -0.49418, 0.48064, -1.86862, -0.46404, 0.57011, -1.74718, -0.38592, 0.55603, -1.43922, -0.40135, 0.51584
-1.57525, -0.30503, 0.05605, -1.87705, -0.33685, 0.01281, -1.14506, -0.48292, 0.00056, -1.85836, -0.41504, -0.01791, -1.32099, -0.28627, 0.49958, -1.80629, -0.26931, 0.55217, -1.29003, -0.49806, 0.48316, -1.84603, -0.46292, 0.57396, -1.72285, -0.38784, 0.55853, -1.41547, -0.40440, 0.51579
-1.55882, -0.30763, 0.06154, -1.81237, -0.34162, 0.00920, -1.14165, -0.48381, 0.00116, -1.86013, -0.41452, -0.01555, -1.29609, -0.28978, 0.49950, -1.77998, -0.27021, 0.55659, -1.26690, -0.50196, 0.48516, -1.82270, -0.46334, 0.57694, -1.69847, -0.39016, 0.56081, -1.39156, -0.40731, 0.51588
-1.53448, -0.31158, 0.06692, -1.74766, -0.34720, 0.00467, -1.13928, -0.48458, 0.00140, -1.86197, -0.41440, -0.01301, -1.26997, -0.29298, 0.50110, -1.75472, -0.27193, 0.56092, -1.24506, -0.50573, 0.48653, -1.79924, -0.46489, 0.57889, -1.67441, -0.39273, 0.56276, -1.36785, -0.40992, 0.51609
-1.49679, -0.31794, 0.07544, -1.68015, -0.35264, 0.00126, -1.13825, -0.48521, 0.00107, -1.86353, -0.41433, -0.01015, -1.24313, -0.29608, 0.50292, -1.73061, -0.27428, 0.56460, -1.22331, -0.50884, 0.48786, -1.77621, -0.46722, 0.57983, -1.65103, -0.39559, 0.56416, -1.34466, -0.41219, 0.51638
-1.44274, -0.32460, 0.08283, -1.61459, -0.35754, 0.00018, -1.13821, -0.48560, 0.00082, -1.86451, -0.41396, -0.00704, -1.21869, -0.29835, 0.50295, -1.70790, -0.27700, 0.56700, -1.20097, -0.51084, 0.48956, -1.75378, -0.47005, 0.57984, -1.62851, -0.39841, 0.56484, -1.32211, -0.41399, 0.51684
-1.37766, -0.33117, 0.08717, -1.55615, -0.36160, 0.00082, -1.13884, -0.48584, 0.00067, -1.86458, -0.41324, -0.00383, -1.19587, -0.29978, 0.50392, -1.68684, -0.28002, 0.56798, -1.17890, -0.51184, 0.49120, -1.73192, -0.47338, 0.57880, -1.60693, -0.40107, 0.56480, -1.30026, -0.41520, 0.51760
-1.30947, -0.33718, 0.08816, -1.50827, -0.36532, 0.00152, -1.13973, -0.48605, 0.00070, -1.86367, -0.41230, -0.00070, -1.17460, -0.30048, 0.50639, -1.66725, -0.28317, 0.56764, -1.15763, -0.51209, 0.49239, -1.71069, -0.47701, 0.57655, -1.58624, -0.40348, 0.56405, -1.27910, -0.41587, 0.51870
-1.23980, -0.34242, 0.08398, -1.47070, -0.36888, 0.00138, -1.14067, -0.48633, 0.00092, -1.86274, -0.41263, 0.00234, -1.15424, -0.30078, 0.50906, -1.64862, -0.28628, 0.56615, -1.13693, -0.51193, 0.49307, -1.69006, -0.48063, 0.57345, -1.56629, -0.40569, 0.56266, -1.25854, -0.41624, 0.51998
-1.17089, -0.34686, 0.07973, -1.44411, -0.37255, 0.00059, -1.14146, -0.48657, 0.00137, -1.86145, -0.41380, 0.00538, -1.13288, -0.30116, 0.51096, -1.63013, -0.28908, 0.56374, -1.11662, -0.51170, 0.49323, -1.66973, -0.48383, 0.57023, -1.54659, -0.40767, 0.56101, -1.23824, -0.41645, 0.52126
-1.09989, -0.35068, 0.07488, -1.42997, -0.37725, -0.00257, -1.14214, -0.48667, 0.00200, -1.86065, -0.41383, 0.00962, -1.11122, -0.30120, 0.51234, -1.61146, -0.29158, 0.56088, -1.09672, -0.51123, 0.49294, -1.64954, -0.48664, 0.56736, -1.52693, -0.40948, 0.55937, -1.21803, -0.41633, 0.52255
-1.02918, -0.35345, 0.06697, -1.42366, -0.38220, -0.00722, -1.14261, -0.48685, 0.00284, -1.85860, -0.41361, 0.01504, -1.08881, -0.30103, 0.51389, -1.59259, -0.29388, 0.55806, -1.07726, -0.51060, 0.49238, -1.62919, -0.48921, 0.56487, -1.50712, -0.41111, 0.55780, -1.19774, -0.41582, 0.52398
-0.95270, -0.35851, 0.04946, -1.42072, -0.38695, -0.01074, -1.14262, -0.48722, 0.00378, -1.85326, -0.41435, 0.02122, -1.06760, -0.30036, 0.51550, -1.57354, -0.29605, 0.55579, -1.05814, -0.51012, 0.49166, -1.60840, -0.49168, 0.56309, -1.48701, -0.41251, 0.55646, -1.17723, -0.41508, 0.52540
-0.89034, -0.35578, 0.05694, -1.42115, -0.39072, -0.01325, -1.14356, -0.48741, 0.00474, -1.84284, -0.41679, 0.02757, -1.04804, -0.29748, 0.51263, -1.55424, -0.29837, 0.55536, -1.03925, -0.50892, 0.49086, -1.58672, -0.49442, 0.56230, -1.46631, -0.41377, 0.55560, -1.15627, -0.41358, 0.52658
